0	11
0	0
0	0
0	0
39	0
42	0
65	0
31	0
9	0
23	0
54	0
50	0
43	0
80	0
33	0
10	0
0	0
147	0
72	0
0	0
0	0
0	0
0	0
0	0
6	0
12	0
23	0
0	0
0	0
64	0
0	0
0	0
17	0
102	0
21	0
4	0
108	0
55	0
62	0
52	0
106	0
85	0
217	0
35	0
162	0
48	0
76	0
41	0
104	0
49	0
629	0
15	0
116	0
498	0
147	0
16	0
12	0
66	0
206	0
32	0
337	0
343	0
131	0
525	0
281	0
9	0
69	0
474	0
21	0
2	0
86	0
1	0
39	0
44	1
243	3
52	1
117	1
120	3
66	1
49	0
46	1
61	0
0	0
40	0
32	0
98	0
623	0
1	0
85	0
183	0
63	0
97	0
970	0
61	0
565	0
135	0
60	0
124	0
13	0
189	0
133	0
26	0
157	0
208	0
46	0
54	0
34	0
251	0
81	0
8	0
4	0
16	0
68	0
146	0
58	0
74	0
98	0
76	0
17	0
144	0
25	0
64	0
99	0
88	0
184	0
111	0
112	0
82	0
45	0
110	0
401	0
44	0
38	0
221	0
572	0
2	0
1	0
2	0
3	0
0	0
14	0
96	0
4	0
6	0
89	0
23	0
0	0
16	0
3	0
28	0
20	0
24	0
12	0
45	0
78	0
63	0
379	8
46	1
77	1
145	0
69	0
51	0
56	0
62	0
158	0
98	0
91	0
124	0
27	0
32	0
61	0
0	0
440	0
51	0
42	0
44	0
548	0
85	0
232	0
31	0
59	0
25	0
26	0
17	0
94	0
161	0
0	0
10	0
129	0
72	0
3	0
185	0
158	0
13	0
34	0
0	0
51	0
3	0
13	0
0	0
2	0
8	0
3	0
51	0
25	0
31	0
94	0
156	0
74	0
26	0
0	0
236	0
61	0
21	0
59	0
0	0
222	0
92	0
280	0
31	0
0	0
52	0
238	0
473	0
199	0
202	0
4	0
23	0
211	0
123	0
0	0
7	0
193	0
2	0
30	0
57	0
2	0
41	0
21	0
7	0
18	0
0	0
4	0
14	0
51	0
42	0
45	11
54	0
0	0
67	0
21	0
90	0
2	0
19	0
117	0
108	0
173	0
13	0
25	0
25	0
763	0
183	0
24	0
47	0
1	0
792	0
47	0
64	0
57	0
9	0
40	0
610	0
4	0
39	0
0	0
13	0
0	0
363	0
508	0
122	0
411	0
111	0
307	0
86	11
107	0
23	0
0	0
0	0
