266	1235
261	1045
93	970
279	949
157	843
281	807
51	798
283	755
54	698
135	698
278	681
68	670
87	640
272	610
131	607
173	567
95	565
177	548
64	525
75	516
108	496
224	473
120	401
43	396
269	375
134	373
233	371
104	367
262	361
166	360
62	343
61	337
257	336
219	328
212	324
78	323
18	319
127	310
125	308
163	306
103	304
7	296
285	293
193	289
280	289
165	288
65	281
229	273
255	271
55	268
208	263
256	259
209	258
114	256
100	254
282	252
126	250
230	244
101	241
223	238
117	232
179	232
215	230
217	230
168	228
45	226
77	225
145	215
59	209
49	204
192	204
226	202
90	201
130	201
160	201
189	200
164	199
167	199
225	199
267	198
124	196
98	195
252	193
245	187
42	181
218	181
109	180
123	180
284	180
159	179
186	179
161	178
86	177
248	177
41	176
19	174
37	173
207	173
176	168
14	167
71	165
11	162
155	160
116	158
118	158
113	156
250	156
222	155
12	154
53	152
13	149
47	148
142	148
79	147
58	145
50	144
122	142
174	139
268	137
96	135
39	134
129	134
264	133
63	131
276	131
128	129
156	128
247	128
260	128
115	127
274	122
89	121
246	121
271	121
288	121
182	120
6	119
38	118
99	118
236	116
73	115
121	115
112	114
162	114
180	114
154	111
5	110
97	110
133	110
175	107
190	106
91	104
185	104
238	104
74	103
34	102
105	102
76	100
40	99
80	99
171	99
181	98
81	97
92	97
204	97
197	96
132	95
213	95
148	94
152	94
200	94
151	90
30	89
170	88
8	87
46	87
106	87
221	87
158	86
178	85
15	81
67	80
241	78
195	77
265	77
251	76
48	75
206	75
44	72
259	72
205	71
84	67
107	66
169	66
139	65
82	63
210	63
27	62
94	61
52	60
240	60
214	59
244	59
10	57
141	57
235	55
144	54
60	53
286	51
33	49
146	48
228	47
35	46
143	46
25	45
254	45
199	43
273	42
150	41
140	40
258	37
57	34
102	34
85	33
232	33
263	33
220	32
270	32
88	30
69	29
138	29
153	29
119	28
184	28
9	26
183	26
202	26
227	25
239	24
16	23
66	23
287	23
83	21
149	21
243	18
56	16
194	16
22	14
234	13
26	12
110	12
136	12
137	12
1	11
196	11
237	11
72	10
188	10
201	10
17	9
23	9
29	9
203	9
253	9
191	7
275	7
4	6
70	6
211	6
2	5
3	5
36	5
111	5
277	5
187	4
198	4
249	3
172	2
