1 715 0.269819546840715 5.34396234694473
2 464 0.259458531152073 6.82493236574174
3 442 0.416038813441552 4.77330286195824
4 362 0.293557753267878 4.58095015288308
5 360 0.29645263131143 4.78732672544561
6 360 0.291887849742179 6.2701789406776
7 354 0.291479490035831 6.93397401325731
8 329 0.246352381680877 4.5568516430024
9 328 0.289693996568288 6.00452147859506
10 320 0.29215531508932 5.33259847428889
11 267 0.248693974146373 5.87992974836476
12 253 0.246543047119095 3.51131458173441
13 245 0.226755504619436 5.06668208545722
14 242 0.331083571987748 5.72324381560718
15 222 0.331679834571315 5.0181986374926
16 221 0.275802867006203 4.76292138840129
17 169 0.246963951886156 4.11553255248545
18 165 0.19902197955394 5.73146135299757
19 144 0.20838362621439 6.40176355660454
20 138 0.330824607669354 3.64603169714561
21 138 0.23364662563677 5.05049920609691
22 131 0.281530831729732 5.15033876297498
23 131 0.269837150239232 4.80581573838357
24 129 0.368155915328322 4.22516025194619
25 127 0.225225478071321 4.6958230812858
26 126 0.27226368187805 4.59781690000687
27 124 0.244492311489199 4.8125310337412
28 123 0.331108458560869 5.13825928576783
29 122 0.22431634540806 5.04967194202776
30 118 0.284039735961344 4.11173610083677
31 110 0.216043912908985 5.12412979556828
32 109 0.254394283109352 5.54135362850826
33 109 0.526341919847259 2.90589103991057
34 98 0.232932024115078 5.46602150733081
35 97 0.241562435135426 5.45862616322665
36 93 0.185095660792627 3.39607362641466
37 91 0.199685683829242 5.02708344968636
38 84 0.293256429794107 4.45750622809993
39 79 0.280242289825557 4.92925908855515
40 76 0.210884641628672 4.15047974338415
41 76 0.270177086293578 5.46172756189072
42 74 0.218033590398105 4.82363845788167
43 69 0.212883153048564 4.4049212736604
44 66 0.193144327686831 5.43270707110656
45 55 0.197200064131626 4.66958237709469
46 53 0.230027627094493 4.33400725995597
47 51 0.28431316873173 3.98791133334358
48 49 0.215031865910068 4.64629764708688
49 44 0.163047734061638 3.81775222378931
50 30 0.255204115616216 4.52448018106791
51 29 0.208128148552928 4.82721437479833
52 26 0.217352032425433 4.28543891758883
53 26 0.172789448926613 5.78524419266261
54 25 0.145388433621954 4.27775469192269
55 25 0.188752942867152 4.22834639087643
56 23 0.1858789857304 3.81550869773026
57 22 0.135452311667105 1.14732894494261
58 22 0.192570187503065 4.56258904447128
59 19 0.182115193319179 4.33166116584358
60 19 0.130089694479309 4.23184026566385
61 16 0.214968531608496 1.47848603547987
62 16 0.141609887298772 4.54285652587705
63 15 0.198152406005477 2.98452061317043
64 13 0.156162187387691 3.4082008703032
65 12 0.135619115879244 4.76578124646775
66 10 0.173259599172152 3.81048121325851
67 10 0.218320585913447 1.79663982154782
68 10 0.155439965391502 3.78788652412514
69 10 0.177638681571571 1.25714084081612
70 9 0.186803719264371 3.82199909959946
71 8 0.115896751702372 3.91886096085314
72 8 0.157408421588467 2.73893750363629
73 8 0.144949745933495 4.88984861694763
74 7 0.127399603011906 4.44434614227028
75 7 0.212250531196625 3.21168668444196
76 6 0.192957249334536 4.13929572833379
77 6 0.226617524220168 0.348458139878905
78 6 0.25989908284345 4.04090036588833
79 6 0.207681579216231 2.76971045659993
80 5 0.111864605914837 4.54605934973241
81 4 0.183901745486379 5.35874333503099
82 4 0.127579391316705 0.680633298032452
83 4 0.16325886770212 2.65861822769721
84 4 0.177147945192064 1.58564108891341
85 4 0.130456711243864 3.97476090343152
86 3 0.183271411292719 4.85797952135397
87 3 0.201238753023014 3.73042066156919
88 3 0.115579647389197 5.95209864152853
89 3 0.116670417196581 2.99275581930068
90 2 0.127625639022219 6.53423720343135
91 2 0.153625168422719 3.26127105418867
92 2 0.185309094880371 4.91477425331645
93 2 0.132837641195591 3.1895907086786
94 2 0.0999332687722077 5.8934162409426
95 2 0.123926997055085 7.11986581475196
96 1 0.110478525550209 0
