0 0
0 0
0 0
0 0
9 0
9 0
12 0
4 0
0 0
0 0
10 0
1 0
0 0
2 0
0 0
0 0
0 0
7 0
2 0
0 0
0 0
0 0
0 0
0 0
0 0
0 0
0 0
0 0
0 0
0 0
0 0
0 0
0 0
0 0
0 0
0 0
0 0
0 0
0 0
0 0
0 0
0 0
0 0
0 0
0 0
0 0
0 0
0 0
0 0
0 0
0 0
0 0
0 0
0 0
0 0
0 0
0 0
0 0
0 0
0 0
28 0
21 0
12 0
66 0
36 0
0 0
7 0
86 0
3 0
0 0
5 0
0 0
6 0
6 0
46 0
7 0
19 0
20 0
7 0
4 0
1 0
0 0
0 0
0 0
0 0
10 0
18 0
0 0
0 0
8 0
0 0
7 0
17 0
2 0
15 0
5 0
0 0
0 0
0 0
0 0
0 0
0 0
0 0
0 0
0 0
0 0
0 0
0 0
0 0
0 0
0 0
0 0
0 0
0 0
0 0
0 0
0 0
0 0
0 0
0 0
0 0
0 0
0 0
0 0
0 0
0 0
0 0
0 0
0 0
0 0
0 0
0 0
0 0
0 0
0 0
0 0
0 0
0 0
0 0
0 0
0 0
3 0
0 0
0 0
5 0
0 0
0 0
0 0
0 0
0 0
1 0
2 0
1 0
8 0
13 0
9 0
70 0
2 0
9 0
5 0
15 0
3 0
10 0
8 0
2 0
5 0
3 0
2 0
0 0
1 0
0 0
0 0
0 0
0 0
0 0
0 0
21 0
2 0
1 0
0 0
0 0
0 0
0 0
0 0
0 0
0 0
0 0
0 0
0 0
0 0
0 0
0 0
0 0
0 0
0 0
0 0
0 0
0 0
0 0
0 0
0 0
0 0
0 0
0 0
0 0
0 0
0 0
0 0
0 0
0 0
0 0
0 0
0 0
0 0
0 0
0 0
0 0
0 0
0 0
0 0
0 0
0 0
8 0
3 0
22 0
4 0
0 0
0 0
9 0
1 0
0 0
0 0
19 0
0 0
0 0
1 0
0 0
0 0
0 0
0 0
1 0
0 0
0 0
0 0
7 0
5 0
1 0
6 0
0 0
18 0
4 0
4 0
0 0
1 0
35 0
8 0
3 0
0 0
0 0
0 0
40 0
17 0
0 0
0 0
0 0
39 0
0 0
0 0
0 0
0 0
0 0
20 0
0 0
0 0
0 0
0 0
0 0
23 0
38 0
14 0
45 0
1 0
12 0
0 0
5 0
0 0
0 0
0 0
