5	39	0.148228574361712	0.221918007426544	0.171607434536148	0.108811429999065	0.17938654726941	0	0.0914282973167986	0	0.109756228871642	0.0886597048223274	0.160021038009483	0	0	0	0	0	0	0
6	42	0.103447760252322	0.0866715714789859	0.101068966658722	0.158265321979468	0.0994660963710684	0	0.15254288454203	0	0.0869666131125993	0	0.167507707348277	0	0	0.102963168511691	0	0.150569719322356	0	0
7	65	0.235190833407361	0.289840146037028	0.161934893571531	0.204197381302	0.150687680841597	0	0.331006588480972	0	0.150241308333237	0.0976345788802462	0.182485599207862	0	0	0.133778260762711	0	0.289601592686103	0	0.15797905758864
8	31	0	0.162087214755957	0.141534637085785	0	0.136935247514744	0	0	0	0	0	0.117214882417805	0	0	0	0	0	0	0
9	9	0	0	0	0	0	0	0	0	0	0	0	0	0	0	0	0	0	0
10	23	0	0	0	0	0	0	0.158128007219937	0	0	0	0	0	0	0	0	0.0959536872035884	0	0
11	54	0	0	0	0	0	0	0	0	0	0	0	0	0	0	0	0	0	0
12	50	0.240090893098376	0	0	0.119576302915317	0.123899355524857	0	0.406221466274601	0	0.202158815780285	0	0.196821117751597	0	0	0.0931525029065514	0	0.223712099113958	0	0.18046356285744
13	43	0.182128209366082	0.149527829805476	0	0.205712642345953	0.155345940837014	0.162332643802735	0.21248131441229	0.104904637771894	0.125477016486311	0	0.278451472532593	0	0	0.142438404993436	0.172488027899006	0.399549761073771	0.0852398683104114	0.322024565975493
14	80	0.172662824271562	0.136264198795024	0	0.185892040742146	0.114145126459653	0	0.269949529772171	0	0.143153815065776	0	0.116257848193895	0	0	0.147515414707251	0.141714206634454	0.330427646497356	0.087757937993703	0.243886777101659
15	33	0	0	0	0	0	0	0	0	0	0	0	0	0	0	0	0	0	0
16	10	0	0	0	0	0	0	0	0	0	0	0	0	0	0	0	0	0	0
18	147	0.242242437674632	0	0	0.136218382647916	0.0971153750736107	0	0.25218796451065	0	0	0	0.141917831343865	0	0	0	0	0.140521966194043	0	0.11623176143213
19	72	0.162181251545548	0.293629318341768	0.15481615985114	0.338125448052685	0	0	0.129867042388791	0	0	0	0.275206381735772	0	0	0	0	0.383555142891427	0.0845631452911962	0.111324004030958
25	6	0	0	0	0	0.153902475106369	0	0.111772807284814	0	0.0978837349435822	0	0.157228200552491	0	0	0	0	0	0	0
26	12	0	0	0	0	0	0	0	0	0	0	0	0	0	0	0	0	0	0
27	23	0.0870406329882001	0.134528212598984	0.119371271276296	0.100222116344718	0	0	0.172861923729086	0	0	0	0.128610978176208	0	0	0	0	0	0	0
30	64	0	0.106024385483895	0	0.1037516782351	0	0	0	0	0	0	0	0	0	0	0.0922443400946633	0.211806521930048	0	0.17444174956672
33	17	0	0	0	0	0	0	0	0	0	0	0	0	0	0	0	0	0	0
34	102	0	0	0	0	0	0	0	0	0	0	0	0	0	0	0	0	0	0
35	21	0	0	0.117013549431596	0	0	0	0	0	0	0	0	0	0	0	0	0	0	0
36	4	0	0	0	0	0	0	0	0	0	0	0	0	0	0	0	0	0	0
37	108	0.15612035023494	0.163450153791644	0	0.153572663536469	0.103986635328778	0	0.145559333428274	0	0	0	0.11292222339179	0	0	0	0	0.105450327597749	0	0
38	55	0	0	0.121338804483675	0.287112330053673	0	0	0	0	0	0	0.124471547023824	0	0.0842067884320437	0.103964759487163	0	0.246200431571506	0	0.092052233690356
39	62	0.24473918232856	0	0.155631480455241	0.10690441532995	0.220657422028167	0	0.11724072712395	0	0.111823350546797	0	0.180518674148712	0	0.116916917745506	0	0	0.182961095727976	0	0.258634780829915
40	52	0.200973327642982	0	0.0940916811798666	0.135183660057031	0.130856273914528	0	0	0	0	0	0.0991883057542087	0	0	0	0	0	0	0.0925142255505613
41	106	0.321319294899367	0.347765877657172	0.0935088726660669	0.348547418395935	0.289709536691774	0	0.267928021683336	0.116294751066859	0.20277129823021	0	0.325531023091049	0	0	0.0940398187111725	0	0.179308048680687	0	0.133856124856302
42	85	0.256631018371235	0.437201504051574	0.140023653888758	0.358347327460488	0.239670628864726	0	0.34833916703631	0.112175640732079	0.236072624665657	0.114300825927075	0.302912500129143	0	0	0	0	0.261674314260295	0	0.13257522910826
43	217	0.304565310970191	0.306149277599833	0.122505778122352	0.244797548858334	0.203683429285927	0	0.282608596912979	0	0.0843223893992071	0	0.199329230391693	0	0	0	0	0.345065416870668	0	0.187226695477181
44	35	0.136498194561624	0	0	0	0	0	0	0	0	0	0	0	0	0	0	0	0	0
45	162	0.191851540794536	0	0	0.136917596227212	0.194579414407962	0	0.158671066872298	0	0	0	0.226647274027153	0	0	0	0	0.113205323430576	0	0.151942109534745
46	48	0.138187534200364	0.14017812718362	0.100129014520211	0.115583654963237	0.141107431173868	0	0.0857544726092412	0	0	0	0	0	0	0	0	0	0	0
47	76	0.109909072247169	0.0912853209142534	0	0	0.114901358894907	0	0.156201332129739	0	0	0	0	0	0	0	0	0	0	0
48	41	0	0	0	0	0	0	0	0	0	0	0	0	0	0	0	0	0	0
49	104	0	0	0	0	0	0	0	0	0	0	0	0	0	0	0	0.0883904996318719	0	0
50	49	0.171894753033829	0.143735328159515	0.0969072560371348	0.231854072192976	0.093023989929642	0	0.378427557112376	0	0.109678515926074	0	0	0	0	0	0	0.189237642434698	0	0
51	629	0.941147305261104	0.675865276296252	0.463415204997534	0.827846405243617	0.577593621344684	0.26317813051738	0.644097639482834	0.31204229202155	0.57380072802333	0.150832359169727	0.399637606866374	0	0.107467896124806	0.186150730383601	0.147869497206953	0.382976931533185	0.142140615925974	0.57128715707218
52	15	0	0	0	0	0	0	0	0	0	0	0	0	0	0	0	0	0	0
53	116	0	0	0	0	0	0	0	0	0	0	0	0	0	0	0	0	0	0
54	498	0.298662521544116	0.289003494924993	0	0.17284402442712	0.0867573460018437	0.124585952585938	1.08138214822941	0	0.292806262699603	0.20731328388362	0.204146674544697	0	0	0	0	0.14562234452773	0	0.257751753586688
55	147	0.113576456830858	0.108316267212043	0	0.096057630648697	0	0	0.145299065952537	0	0	0	0	0	0	0	0	0	0	0
56	16	0	0	0	0	0	0	0	0	0	0	0	0	0	0	0	0	0	0
57	12	0	0	0	0	0	0	0	0	0	0	0	0	0	0	0	0	0	0
58	66	0.2709514977907	0.217859761476258	0.131689559442376	0.249967459903504	0.141877179100307	0	0	0.0882695010601427	0	0	0.0975862284362773	0	0	0	0	0	0	0.0870330025045472
59	206	0	0	0	0	0	0	0	0	0	0	0	0	0	0	0	0	0	0
60	32	0.434133885330574	0.290076287007709	0.266145841280467	0.221951943243276	0	0	0.365354931681385	0	0	0	0	0	0	0	0	0	0	0
61	337	0	0.71196959659261	0.2992685105157	0.428617380592407	0.221318770773243	0	0.302074747448216	0.0998064278963567	0.157334909398967	0	0.170406400351661	0	0	0	0	0.19912062743883	0.0969594132527036	0.170029473562117
62	343	0.71196959659261	0	0.710117969779587	0.907897416561128	0.362062986595422	0	0.192962639421499	0	0	0.112818718338033	0.130628661486618	0	0	0	0	0.455735162314524	0	0.126297311068229
63	131	0.2992685105157	0.710117969779587	0	0.562669052704793	0.36531484641431	0	0.131404110332694	0	0	0	0.11129185161795	0	0	0	0	0.195805376950374	0	0
64	525	0.428617380592407	0.907897416561128	0.562669052704793	0	0.198982863413653	0	0.241010468152352	0	0	0	0.182407838193452	0	0	0.12813096108629	0.113907636775248	0.480682912226793	0.0876928936621925	0.218850818928354
65	281	0.221318770773243	0.362062986595422	0.36531484641431	0.198982863413653	0	0	0.105134494433984	0	0.0913151888821808	0	0.139845404827224	0	0	0	0	0	0	0
66	9	0	0	0	0.0937729489424874	0.167434425290119	0	0	0	0	0	0	0	0	0	0	0	0	0
67	69	0	0.0879078556697296	0	0.137229450357333	0	0	0	0	0	0	0	0	0	0	0	0	0	0
68	474	0.446766669753549	0.301183071058045	0.224914105056559	0.423054588559735	0.309141907083096	0.143608470407463	0.352975517594333	0.135795998443215	0.203028470955704	0.128641733359166	0.235191937010942	0	0	0	0	0.187231632397883	0	0.339295874794556
69	21	0	0	0	0	0	0	0	0	0	0	0	0	0	0	0	0	0	0
70	2	0	0	0	0	0	0	0	0	0	0	0	0	0	0	0	0	0	0
71	86	0.153753881771324	0	0	0	0.0860692620523525	0	0.253225239814105	0	0.120843086873162	0	0.114614145633762	0	0	0	0	0	0	0.104612246670504
72	1	0	0	0	0	0	0	0	0	0	0	0	0	0	0	0	0	0	0
73	39	0.14890801299112	0	0.0855114893986533	0.087519520844842	0.167150341398217	0	0.112957148540774	0	0	0	0.12384708817902	0	0	0	0	0	0	0
74	44	0.13680280094999	0.105941910588834	0	0.0911237163749905	0.139049273537049	0	0.135483981219643	0	0	0	0	0	0	0	0	0.0971115426231273	0	0
75	243	0.398816583151614	0.198119072736565	0.194981451244231	0.209154373882221	0.25064139380881	0.136226790676612	0.751268125365104	0	0.33397528066347	0	0.18702755833761	0	0	0.140714240910462	0	0.286247804880412	0.101136940984196	0.249871750546531
76	52	0.22136647252385	0.199398352848119	0.179523149377071	0.140142716487165	0.154396970833447	0	0.183369572555428	0	0.0937293622662837	0	0.112196030151433	0	0	0	0	0.115362755269489	0	0
77	117	0.339499021757819	0.356026990365944	0.214536053871024	0.260029444426683	0.257550052621357	0.0935650511378674	0.366419636497688	0	0.182012159283584	0	0.132802788116004	0	0	0	0	0.157368620376651	0	0.0931723577786497
78	120	0.691812357831945	0.697903342434389	0.430041818010924	0.592731060595956	0.497583843859067	0.122987235152533	0.374340972168708	0.15388541147267	0.360293156240569	0.123304999774801	0.242872218740038	0.15945245512639	0	0.196604271761575	0.091347749864958	0.365743082845777	0.147394979164924	0.234145481587206
79	66	0.369351884817817	0.228434547399075	0.219869229520874	0.218854236245132	0.345401285705388	0	0.211285458264563	0.122527812780916	0.0887062260873434	0	0.172903393229048	0	0	0.117361911230225	0.094906955018308	0.142386479702414	0.100861942795824	0.182179342672632
80	49	0.22819716874519	0.12993045022996	0.162628519885507	0.165592023543907	0.231223625387391	0	0.1772469146205	0	0	0	0.151448832928593	0	0	0	0	0	0	0.0928801159518704
81	46	0.0955630084265683	0.102939678850483	0	0	0.148275791402598	0	0.0875732859734619	0	0	0	0.126426873851321	0	0.101357055625978	0.0990197279434735	0	0	0	0
82	61	0	0	0	0	0	0	0	0	0	0	0	0	0	0	0	0	0	0
84	40	0	0	0	0	0	0	0	0	0	0	0	0	0	0	0	0	0	0
85	32	0	0	0	0	0	0	0	0	0	0	0	0	0	0	0	0	0	0
86	98	0.100256107902889	0	0	0.200415861555115	0	0	0.15869351383725	0	0	0	0	0	0	0	0.0837696463665847	0.148711084372417	0	0
87	623	0	0	0	0	0	0	0	0	0	0	0	0	0	0	0	0	0	0
88	1	0	0	0	0	0	0	0	0	0	0	0	0	0	0	0	0	0	0
89	85	0.100104828379243	0.307665143487425	0.097927218824449	0.26885186093185	0	0	0.261673121588128	0	0	0	0	0	0	0.104145720896772	0	0	0	0
90	183	0.197838688025809	0.465177813867101	0.113155067896398	0.284124512735596	0.0902647569112193	0	0.292963916638973	0	0	0	0.106833204401684	0	0	0	0	0.170866555667358	0	0
91	63	0	0	0	0.0952478664012657	0	0.117162118027595	0	0	0.140743575363658	0	0.0871858935259426	0	0	0.0917285256422071	0	0.0947170172481931	0	0
92	97	0	0	0	0	0	0	0.241327239810016	0	0.129611178530229	0	0	0	0	0	0	0	0	0
93	970	0.302074747448216	0.192962639421499	0.131404110332694	0.241010468152352	0.105134494433984	0.241327239810016	0	0	0.247277725258473	0.123697486287247	0.172793832786754	0	0	0	0	0.210519131067557	0.0916593382998284	0
94	61	0.0998064278963567	0	0	0	0	0	0	0	0.162231733828531	0	0	0	0	0	0	0	0	0
95	565	0.157334909398967	0	0	0	0.0913151888821808	0.129611178530229	0.247277725258473	0.162231733828531	0	0.18828369271833	0.135578481343462	0	0	0	0	0	0	0
96	135	0	0.112818718338033	0	0	0	0	0.123697486287247	0	0.18828369271833	0	0	0	0	0	0	0	0	0
97	60	0.0873422784143965	0	0	0	0	0	0	0	0	0	0	0	0	0	0	0	0	0
98	124	0.0860563731375143	0.110667218613698	0	0	0	0	0.133059727155819	0	0	0	0	0	0	0	0	0.156121021609384	0	0
99	13	0	0	0	0	0	0	0	0	0	0	0	0	0	0	0	0	0	0
100	189	0.236925301876598	0.165591819859058	0.0919272055561974	0.154777820821299	0	0	0.207391716433734	0	0.138806986108087	0	0.0895546257258437	0	0	0	0	0	0	0
101	133	0.191437559769112	0.413621484212559	0.0962195392204904	0.296215043700125	0	0	0.310396526496959	0	0.11664477588933	0	0.123091395204059	0	0	0	0	0.242019649949455	0	0.137684387292442
102	26	0	0	0	0	0	0	0	0	0	0	0	0	0	0	0	0	0	0
103	157	0.225991674198168	0.22704230067516	0.154919743243861	0.169227789327909	0.0992752751730911	0	0.643300029437948	0	0.141829865529848	0	0.132918835041954	0	0.0886855216297498	0	0	0.15283137830739	0	0.109910096636804
104	208	0.148800940949804	0.185212762777373	0	0.0934862911054621	0.127780749226821	0	0.422593638202576	0	0	0.103440776284288	0.115398001602528	0	0	0	0	0.219000304407708	0.0988217419993088	0
105	46	0.113398612522778	0.155291221906949	0	0.147545039254157	0.0867634978984062	0	0.17787708122338	0	0.118714879795339	0	0	0	0	0	0	0.127880981577852	0	0
106	54	0	0	0	0.10240259210878	0	0	0	0	0	0	0	0	0	0	0.0901521855907012	0.142748806610932	0	0
107	34	0.104568268835442	0	0	0	0.094841032840053	0	0.109003705499802	0	0	0	0	0	0	0	0	0	0	0
108	251	0.277579241533531	0.240525302103349	0.182065342038673	0.122564078111332	0.26147132155299	0	0.39265517700672	0	0.247376730274223	0.112365634952205	0.166351769273643	0	0	0.191099503428324	0.148891692401677	0.328933463492942	0.134427241089141	0.2520605532279
109	81	0	0	0	0.120232797038201	0	0	0	0	0	0	0	0	0	0	0	0.095439954135696	0	0
110	8	0	0	0	0	0	0	0	0	0	0	0	0	0	0	0	0	0	0
111	4	0	0	0	0	0	0	0	0	0	0	0	0	0	0	0	0	0	0
112	16	0	0	0	0	0	0	0	0	0	0	0	0	0	0	0	0	0	0
113	68	0.177958000471089	0.163523077318924	0.182036737276081	0.103064804082232	0.137504569598648	0.0895426666547224	0.389170991552378	0	0	0.0939418135568071	0.100503040551654	0	0	0	0	0.221654413295157	0	0.276761807533959
114	146	0.343685351650632	0.236462183028933	0.182480533188539	0.367920812419628	0.231842241315108	0.157523982105036	0.759131619448406	0.104630553014595	0.347045980735713	0.141637407897531	0.292828862317191	0	0	0.171387398655871	0.198202617845048	0.502601040729059	0.149660168025844	0.442091397845345
115	58	0.195672889303663	0.197500532533854	0.124654935141624	0.170135398503802	0.14654776372902	0	0.156029605313726	0	0.110510233068854	0	0.124063163086983	0	0	0	0	0.152607391741401	0	0
116	74	0.26354977706617	0.164753635673274	0.160916739253606	0.230286410276793	0.191069099577583	0.12883446116382	0.272566581842166	0.128543061014354	0.155536349454012	0.105992526750678	0.289226258481941	0	0	0.0963251076880142	0	0.20301664215316	0.118421582532252	0.0906909531264336
117	98	0.467452640364463	0.401265759219973	0.250712895584776	0.474563228357613	0.251299786491418	0.091921937955136	0.25197326590288	0.157601148743163	0.231420050269563	0.134165361483204	0.289046745108055	0.086330658764502	0.0897282991471482	0.15689916826199	0.167740466337776	0.384322457923146	0.104348870213838	0.372824391682869
118	76	0.258598800302144	0.340121469715318	0.170865236815856	0.165683013542898	0.11968311141633	0.149490811361715	0.329454913039375	0	0.277109550753065	0	0.172770840151893	0	0	0	0	0.1445151681211	0	0.13640795465397
119	17	0	0.130177345932118	0	0	0	0	0	0	0	0	0	0	0	0	0	0	0	0
120	144	0.454313529113667	0.661776392422407	0.179400703485992	0.363151715461946	0.149012028969534	0.18711743409609	0.565997539474851	0	0.283340793460668	0.122313214980615	0.217591750827255	0.0910836463189198	0	0.174660650780548	0.161536850122231	0.378495342271577	0.108839685246252	0.232780309535621
121	25	0.11645944794511	0	0	0	0.112277093680571	0	0	0	0	0	0	0	0	0	0	0	0	0
122	64	0.153448306651957	0.243001880289176	0	0.156906775172465	0.238047224565354	0	0	0	0.156510158329451	0	0.0915299648703129	0	0	0.108055005662139	0	0.129115044938912	0	0
123	99	0.450154179794813	0.28124359503568	0.166024813119655	0.269413174670977	0.392379726074841	0.104154827410912	0.326801012951449	0.147101108456658	0.299834672188872	0.101732916163155	0.32242821446892	0.102257224367956	0	0.156222172481916	0	0.307396193727017	0.108870401777122	0.183896564639684
124	88	0.194241165643823	0.236380639818701	0.191264489120572	0.345904693826017	0.173610857516041	0.246456367151489	0.286936180149666	0.105523470812206	0.283028068167279	0.114033677017465	0.317995456416084	0.0898234310580354	0	0.120554436570801	0.106711588371832	0.446511776720708	0.0984406718115028	0.142938429365321
125	184	0.409097122090603	0.242286461523279	0.203473768696259	0.298015017057571	0.153920086763651	0.18019366367801	0.592205890609777	0.16927980394203	0.3075933033167	0	0.255422196178665	0.0841261209431851	0	0.169189844755961	0	0.288559062218597	0	0.157012525932961
126	111	0.281652486849831	0.176011408916975	0.184037464903617	0.250311545473801	0.182154882052373	0.245196906831988	0.367344959856455	0.14264735598128	0.355761344364967	0.194647014853008	0.230270113653767	0.133485139544348	0	0.21911777832664	0.0869228257942924	0.315525500527894	0.155652695683793	0.122560832441209
127	112	0.256779167327413	0.147763286170526	0.113436796251852	0.22426137494414	0.142735054593753	0.175357225959173	0.832120443097558	0	0.449232662146913	0	0.212698611548381	0	0	0.18743195436905	0	0.158170184404068	0	0.197105012097738
128	82	0.184501982879138	0.160224705804005	0.204801690340224	0.140458423229814	0.23952344926084	0	0.141888540945367	0	0.110783976193719	0	0.103502764225714	0	0	0.103514303915799	0	0.174892243844863	0	0.106179803980923
129	45	0.0970498448986646	0.0987914213429557	0	0.108283073171041	0	0	0	0	0	0	0.1000338830494	0	0	0.0836653289103571	0	0	0	0
130	110	0.319972490726108	0.366005671161064	0.180071681587524	0.34595515707183	0	0	0	0	0	0	0.154718314544424	0	0	0.138711123072142	0.142874587377056	0.342147026568236	0	0.334128231556778
131	401	0.58587737948559	0.8532287502527	0.355818649832524	0.740754372641392	0.491389978195903	0.177253258913722	0.825151810076089	0.134987070172774	0.468484750213004	0.224216179939709	0.658413478443171	0.0974144975128226	0	0.277963329955975	0.196445919244562	0.667739106934432	0.168669904968978	0.531247437752497
132	44	0.323429108007695	0.278343882574943	0.16873778911285	0.227021057684028	0.134658554438753	0	0.128438757402903	0.115974622074599	0	0	0.138462576192151	0	0	0	0	0	0	0
133	38	0.203531528769946	0	0.140658809151251	0.187888455183553	0.109260974217255	0	0.120058859330314	0	0.0891959615361756	0	0.205869807375837	0	0	0	0	0	0	0.0916365367985679
134	221	0.414384463092029	0.31869959549733	0.244895819407219	0.503857584911828	0.228323342752989	0.137049861452319	0.588275031318809	0.132549440983883	0.334885760264202	0.0854546443497181	0.52422663173936	0	0	0.201530121696437	0.168167705218447	0.382975770503216	0.10732013584955	0.257729940382745
135	572	0.38709847522051	0.299236583510801	0.301591596538962	0.429502573385506	0.290739480516523	0.129038580706888	0.640485693228145	0.093853457422289	0.39895081909455	0.180865176216626	0.596510024581045	0.0885082763391591	0	0.22767817378078	0.182954107478226	0.489911736808771	0.159345342321253	0.271062522337571
136	2	0	0	0	0	0	0	0	0	0	0	0	0	0	0	0	0	0	0
137	1	0	0	0	0	0	0	0	0	0	0	0	0	0	0	0	0	0	0
138	2	0	0	0	0	0	0	0	0	0	0	0	0	0	0	0	0	0	0
139	3	0	0	0	0	0	0	0	0	0	0	0	0	0	0	0	0	0	0
141	14	0	0	0	0.0951601422672249	0	0	0	0	0.0862095648645055	0	0	0	0	0	0	0	0	0
142	96	0.114843835254801	0	0	0.0925918641907578	0	0.144726785587076	0.247403821927135	0	0.432296215783449	0	0	0	0	0	0	0	0	0
143	4	0	0	0	0	0	0	0	0	0	0	0	0	0	0	0	0	0	0
144	6	0	0	0	0	0	0	0	0	0.0849105262207121	0	0	0	0	0	0	0	0	0
145	89	0	0	0	0.0855281099826079	0	0	0	0	0.097152736611414	0	0	0	0	0	0	0	0	0
146	23	0	0	0	0	0	0	0	0	0	0	0	0	0	0	0	0	0	0
148	16	0.147333712597134	0	0	0.087848233897858	0.137050263267383	0	0.30411820739376	0	0.11721583443418	0	0	0	0	0	0	0	0	0
149	3	0	0	0	0	0	0	0	0	0	0	0	0	0	0	0	0	0	0
150	28	0	0	0	0	0	0	0	0	0	0	0	0	0	0	0	0	0	0
151	20	0.0962640171075893	0	0	0	0.132157695143995	0	0.500884233621319	0	0.0942863548681642	0	0	0	0	0	0	0	0	0
152	24	0.101280339797477	0	0	0	0.158066832760699	0	0.187985389501454	0	0	0	0	0	0	0	0	0	0	0
153	12	0	0	0	0	0.110511135323137	0	0	0	0	0	0	0	0	0	0	0	0	0
154	45	0.155321029508832	0.0850030271524995	0	0.134592270511362	0.181302925079246	0	0.171944033646626	0	0.103567240686558	0	0	0	0	0	0	0.0979110777543298	0	0.103294756683225
155	78	0.309469271513	0.149495768459643	0.152183358383176	0.159818179307927	0.236116939475624	0.128519610066307	0.46984773753749	0	0.195497415484609	0.139759439009565	0.157168012864244	0	0	0.117584103133358	0	0.157891588845605	0	0.210974138953399
156	63	0.314006181137928	0	0.0949997973016801	0.178437652410741	0	0	0.43609838099497	0	0.112310167661055	0.185797903845077	0.176311282669264	0	0	0	0	0.128131411177762	0	0.190976569212081
157	379	0.559728741960217	0.517795013871867	0.404475991822574	0.515344283315666	0.438632394032312	0.23936982270174	1.3144520898913	0.142824390462025	0.541276585440081	0.45242966170685	0.368713143732272	0.117857038907336	0.125384314357346	0.207847224498795	0.221505789065966	0.611734659638256	0.305317282106	0.380086824363829
158	46	0.191286396978472	0.107449598496051	0	0	0	0	0.437523202649639	0	0.10664362329426	0	0	0	0	0	0	0	0	0.124781344011334
159	77	0.160939974189819	0	0	0	0.196110120269307	0.084392567872841	0.694164151655963	0	0.227214790279252	0	0	0	0	0	0	0	0	0.0952303260667534
160	145	0	0	0	0	0	0	0	0	0	0	0	0	0	0	0	0	0	0
161	69	0	0	0	0	0	0	0.11408535686036	0	0.0920965003921378	0	0	0	0	0	0	0	0	0
162	51	0	0.150397209880617	0.0961891006823144	0.108929999497403	0	0	0	0	0	0	0.0932292747249903	0	0	0	0	0.0913082878059615	0	0
163	56	0.13711676654605	0.11933605673907	0.116355053432599	0.240589285274495	0.0986084275152524	0	0.111833701732441	0	0	0	0.1243328475052	0	0	0.0992887035846548	0	0.244595734810909	0	0.130741918068475
164	62	0.121310802575335	0.173964161843663	0.110976860692213	0.200931634759663	0	0	0	0	0	0	0.14772055251732	0.0878297622387131	0	0.101154559649762	0.131517508977325	0.286279552680942	0.0958569178533648	0.195637931121689
165	158	0.314548840268246	0.162570042582482	0.161465546186843	0.136575202824179	0.333967899965439	0.145889307930586	0.507083928912721	0	0.329954113873844	0	0.439135595935642	0.0863219334330459	0	0.0926474663244533	0	0.223074249369845	0	0.131952472102372
166	98	0.422334853594584	0.269459029232111	0.308083731792236	0.304308580156041	0.45739163588003	0.197230699588018	0.625002894780144	0.145152626280936	0.484959815576131	0.253715124421736	0.740332844430175	0.143013811542969	0.09618816689464	0.185595414886395	0.100690893986096	0.396450660148114	0.18344444533068	0.190414294921458
167	91	0.332902343554758	0.284672308510138	0.223203273882059	0.263444115681835	0.40359679864374	0.120215989858442	0.455454730045986	0.201742320007581	0.279340711904432	0.122222357031874	0.632739944808229	0.116153598985314	0.0848489888883354	0.158059357908526	0.0863256445883502	0.271588034771032	0.158812569609501	0.207399779138699
168	124	0.266694299458179	0.483002272166746	0.25099064563075	0.429255267699038	0.587255406737461	0.0851500159715789	0.473909766995273	0.241754873440563	0.198810067801815	0	0.450835343864556	0.179117134278953	0.108514756114881	0.146719965781601	0.115120234290288	0.361366259057414	0.133685314643066	0.226633791776993
169	27	0.10886640036326	0.0884901399911079	0	0	0	0	0	0	0.099210239099111	0	0.122511265321	0	0	0	0	0	0	0
170	32	0	0	0	0	0.141820261261541	0	0.13949521356077	0	0	0	0.13491450875533	0	0	0	0	0	0	0
171	61	0	0	0	0	0	0	0	0	0	0	0	0	0	0	0	0	0	0
173	440	0.564278373816256	0.439006033923919	0.339620302738157	0.52770104350694	0.385897823453808	0.105437364837799	0.398828186676595	0.250397456692196	0.291471580477952	0.183488393794021	0.39352124405672	0	0	0.107603029787179	0	0.110327688679007	0.0986058973068701	0.161235391696233
174	51	0.154388312398237	0.130070083888616	0	0.114061384307242	0	0	0.105445434523404	0	0	0	0.14185394261972	0.121280853991206	0	0	0	0.105486824521248	0	0
175	42	0.213300476301597	0.130074236730678	0.0915812089725216	0.173737439567091	0.1829922660478	0	0.0852890372353521	0	0	0	0.0934822413995579	0	0.229807860199658	0	0	0	0	0
176	44	0.278049311172842	0	0	0	0.100226712270905	0	0.336718325193371	0	0.144773481734003	0.118150052488325	0.229352811648676	0	0	0	0	0	0	0.136296343180685
177	548	0.170406400351661	0.130628661486618	0.11129185161795	0.182407838193452	0.139845404827224	0	0.172793832786754	0	0.135578481343462	0	0	0.103292619195768	0	0	0	0.290158222446149	0	0.15636242124246
178	85	0	0	0	0	0	0	0	0	0	0	0.103292619195768	0	0.119700510996433	0	0	0	0	0
179	232	0	0	0	0	0	0	0	0	0	0	0	0.119700510996433	0	0	0	0	0	0
180	31	0.0897450788611889	0.104976035302724	0	0	0	0	0.0980507048981792	0	0	0.180681874775113	0.119115448065099	0	0.0981088315131907	0	0	0.15082069968456	0	0
181	59	0	0	0	0	0	0	0	0	0	0	0	0	0	0	0	0	0	0
182	25	0	0	0	0	0	0	0	0	0	0	0	0	0	0	0	0	0	0
183	26	0	0	0	0	0	0	0	0	0	0	0	0	0	0	0	0	0	0
184	17	0	0	0	0	0	0	0.110631756883541	0	0	0	0	0	0.153595682395179	0	0	0	0	0
185	94	0	0	0	0	0	0	0	0	0	0	0	0	0	0	0	0	0	0
186	161	0	0	0	0	0	0	0	0	0	0	0	0	0	0	0	0	0	0
188	10	0	0	0	0	0	0	0	0	0	0	0	0	0	0	0	0	0	0
189	129	0	0	0	0	0	0	0	0	0	0	0	0	0	0	0	0	0	0
190	72	0	0	0	0.196578948262079	0	0	0	0	0	0	0.0864260103618072	0	0	0.104278991413137	0.173421883116503	0.330288181220818	0	0.136574017877571
191	3	0	0	0	0	0	0	0	0	0	0	0	0	0	0	0	0	0	0
192	185	0	0	0	0	0	0	0	0	0	0	0	0	0	0	0	0	0	0
193	158	0.18251054565436	0.187863918784255	0.178537900320939	0.248145620206277	0.139356510660171	0.120348752532251	0.105970096383269	0	0.169404278514917	0	0.11571803742715	0	0	0.12348045243526	0.121097178951188	0.310347162180297	0.0916864472313242	0.156849393498976
194	13	0	0	0	0	0	0	0	0	0	0	0	0	0	0	0	0	0	0
195	34	0.118185062727934	0	0	0	0.104196539316419	0	0	0	0	0	0	0	0	0	0	0	0	0
197	51	0	0	0	0	0	0	0	0	0	0	0	0	0	0	0	0	0	0
198	3	0	0	0	0	0	0	0	0	0	0	0	0	0	0	0	0	0	0
199	13	0	0	0	0	0	0	0	0	0	0	0	0	0	0	0	0	0	0
201	2	0	0	0	0	0	0	0	0	0	0	0	0	0	0	0	0	0	0
202	8	0.0896257492892383	0	0	0	0	0	0	0	0	0	0	0	0	0	0	0	0	0
203	3	0	0	0	0	0	0	0	0	0	0	0	0	0	0	0	0	0	0
204	51	0.252994519790087	0.120552775697704	0.199721527103747	0.235031639212659	0.17604502448893	0	0	0.0951339940458047	0	0	0.128738462048978	0	0	0	0	0	0	0.0934116793493051
205	25	0.175622060835403	0	0.140342017943825	0.133535095201889	0.12365133456067	0	0	0	0	0	0.109169763477528	0	0	0	0	0	0	0
206	31	0.089113300494414	0	0	0	0	0	0	0	0.0921916023655157	0	0.0849251360767231	0	0	0.102589907586614	0	0	0	0
207	94	0.238034423528879	0.0873680537594957	0.124453157222022	0.174551911182271	0.182974378035853	0.105463662639476	0.0920599188646441	0.0855388086842188	0.218762129435424	0	0.209081313656867	0	0	0.170923827714863	0	0.108561216208429	0	0.118002481607131
208	156	0.404511066711341	0.227193104284497	0.229924532263784	0.335849099761646	0.32301632175295	0	0.213380344296002	0.138653621708461	0.109708850391607	0	0.230437637438861	0	0	0.0980288080982143	0	0.189483852947923	0	0.195446487468175
209	74	0.331033194525861	0.171370730582996	0.169555678810218	0.263616842132955	0.193128768836776	0.0885903473629728	0.671483247202185	0	0.203770659339816	0.250870704769447	0.334334395844828	0	0	0.159878082118899	0	0.266051522777781	0	0.109821310846953
210	26	0	0.100631650143447	0	0	0.101603373868463	0	0	0	0	0	0	0	0	0	0	0	0	0
212	236	0	0	0	0	0	0	0.146471726597269	0	0	0	0	0	0	0	0	0	0	0
213	61	0.0951161602763554	0.109406822931077	0	0	0.0896765490191304	0	0	0	0.116168653962921	0	0	0	0	0	0	0	0	0
214	21	0	0	0	0	0	0	0	0	0	0	0	0	0	0	0	0	0	0
215	59	0	0	0	0	0	0	0	0	0	0	0	0	0	0	0	0	0	0
217	222	0	0	0	0	0	0	0	0	0	0	0	0	0	0	0	0	0	0
218	92	0	0	0	0	0	0	0	0	0	0	0	0	0	0	0	0	0	0
219	280	0.211649942883165	0.295996440230609	0.0876277414021946	0.174681968996452	0.192446737983034	0	0	0	0	0.0960898957879625	0	0	0	0.108842450861181	0.133005690376958	0.190167317956125	0.110191340008867	0
220	31	0	0	0	0	0	0	0	0	0	0	0	0	0	0	0	0	0	0
222	52	0.0862101986186576	0	0	0.0996437102044692	0	0	0	0	0	0	0	0	0	0.364064708370176	0.171077409759396	0.268894324003013	0.112174981285578	0
223	238	0	0	0	0.12813096108629	0	0	0	0	0	0	0	0	0	0	0.388447496887625	0.45653146734659	0.212566230281679	0.127899298306172
224	473	0	0	0	0.113907636775248	0	0	0	0	0	0	0	0	0	0.388447496887625	0	1.03059438567229	0.362658918023602	0.203220376774819
225	199	0.19912062743883	0.455735162314524	0.195805376950374	0.480682912226793	0	0	0.210519131067557	0	0	0	0.290158222446149	0	0	0.45653146734659	1.03059438567229	0	0.97766037657596	0.361681124554511
226	202	0.0969594132527036	0	0	0.0876928936621925	0	0	0.0916593382998284	0	0	0	0	0	0	0.212566230281679	0.362658918023602	0.97766037657596	0	0.0913843142192556
227	4	0	0	0	0	0	0	0	0	0	0	0	0	0	0.13935142034837	0	0.130612300456578	0.131992606896133	0
228	23	0.101974696642974	0	0	0	0	0	0	0	0	0	0	0	0	0	0	0.178099275210509	0	0.107433197919147
229	211	0.0962234266197211	0.0840984793179269	0	0	0.16448797623368	0	0	0	0.0875873240500548	0	0	0	0	0	0	0.0960080471884308	0	0
230	123	0.179720562656352	0.0914364980591549	0	0	0.106773525955013	0.100295741749994	0	0	0.117805884171426	0	0.208915204420651	0	0	0	0	0	0	0
232	7	0	0	0	0	0	0	0	0	0	0	0	0	0	0	0	0	0	0
233	193	0.100147366660074	0	0	0.0935002305009029	0	0.160662575007873	0	0	0	0	0.0942569020456213	0	0	0	0	0	0	0
234	2	0	0	0	0	0	0	0	0	0	0	0	0	0	0	0	0	0	0
235	30	0	0	0	0	0	0	0	0	0	0	0	0	0	0	0	0	0	0
236	57	0	0	0	0	0	0	0	0	0	0	0	0	0	0	0	0	0	0
237	2	0	0	0	0	0	0	0	0	0	0	0	0	0	0	0	0	0	0
238	41	0	0	0	0	0.173026099185179	0	0	0	0	0	0	0	0	0	0	0	0	0
239	21	0	0	0	0	0	0	0	0	0	0	0	0	0	0	0	0	0	0
240	7	0	0	0	0	0	0	0	0	0	0	0	0	0	0	0	0	0	0
241	18	0.116973125131906	0	0	0.192897568660529	0	0	0	0	0	0	0.100768683933053	0	0	0	0	0.110939882204713	0	0
243	4	0	0	0	0	0	0	0	0	0	0	0	0	0	0	0	0	0	0
244	14	0.0902045217445988	0	0	0	0	0	0	0	0	0	0	0	0	0	0	0	0	0
245	51	0.267698451372993	0.155669734425738	0.118680556465603	0.243227391264519	0.159743835691392	0.117531747508465	0.16343141130535	0	0.280089533003603	0.126248208045143	0.193775072773577	0	0.13659642442858	0.121487185289982	0	0.242660771286918	0	0.0837331890690898
246	42	0.200995441411619	0.0916753628707753	0.0937406695405293	0.127150855523768	0.106058616026547	0	0.112202201742226	0	0.102080477418659	0.102850811109285	0.158508489305232	0	0	0	0	0.170254676261182	0	0.145088449117558
247	45	0.184615248045224	0.0837040277084423	0	0.134023161794374	0.146115267473031	0	0.136437904978223	0	0.158892438476356	0.0850775759285473	0	0	0	0	0	0.132297851785825	0	0.108137608604729
248	54	0.169414064391647	0	0	0.130855777741052	0.104087322223524	0	0.390311100351651	0	0.0967192388525381	0	0.121145116930193	0	0	0	0	0.0965588474960758	0	0.148660410502625
250	67	0.161397027587183	0.1454702879628	0.101452039252442	0.177907537905235	0.0862855904812783	0.125822561150597	0.270536562817867	0	0.159843193587818	0	0.181595069417258	0	0	0	0	0.200505668955262	0	0.0864324328851054
251	21	0	0	0	0	0	0	0.116890510852407	0	0	0	0	0	0	0	0	0.099882734602683	0	0
252	90	0.139359980965982	0.117197980499763	0	0	0.0846365420060071	0.164057271881149	0.115887995730385	0	0.100095590877193	0.0889951381851495	0.21065498039099	0	0	0	0	0.144188987278443	0	0
253	2	0	0	0	0	0	0	0	0	0	0	0	0	0	0	0	0	0	0
254	19	0	0.210818182327315	0	0.180232230622701	0	0	0	0	0	0	0	0	0	0.0857756801905458	0.173828430883572	0.395898848244592	0	0.251171010295328
255	117	0.140876236248484	0.143318983277969	0.126758492170549	0.225321374643019	0.10515373302604	0	0.105146086269619	0	0	0	0.172387062560656	0	0	0	0	0.158328999753958	0	0.129378479895095
256	108	0.237079795755209	0.240234965047313	0.087296881927919	0.189553763185748	0.395517535293774	0	0.134468219134589	0	0.337080717977037	0	0.174869392353466	0	0	0	0	0	0	0.160785320834282
257	173	0.54185432496938	0.593085139369433	0.245545740363462	0.506037794134361	0.420670261227684	0.211066803940948	0.514378991385418	0.0894628419424761	0.573291658128239	0.137435342039401	0.306051266591557	0.124004370287801	0	0.244702511062451	0.149961574265062	0.454533524608819	0.148735264635011	0.368366248806525
258	13	0	0	0	0	0	0	0	0	0	0	0	0	0	0	0	0	0	0
259	25	0	0	0	0	0	0	0.0942749872948975	0	0	0	0	0	0	0	0	0	0	0
260	25	0.102892668242381	0	0	0	0	0	0	0	0	0	0	0	0	0	0	0	0	0
261	763	0.362303646364189	0.346913094851617	0.179464920013032	0.285904285819819	0.139812376544313	0	0.180664151928198	0.130809957045448	0.150567140705461	0.090058931480678	0.219028913356338	0	0	0	0	0.165506946953654	0	0.129923129977677
262	183	0.249066814467674	0.215009141293539	0.159938908373819	0.264820443925457	0.206240990118332	0	0.358711195177299	0	0.211112259029852	0.129576821038654	0.354119878252832	0	0	0.129144812630069	0	0.243323927962847	0.0930402692913454	0.154696669440527
263	24	0	0	0	0	0	0	0	0	0	0	0	0	0	0	0	0	0	0
264	47	0.220028487759508	0.0969443143448554	0.0936812205025242	0.175992766237692	0.114734921781821	0	0	0	0.0910958470552957	0	0.171449304690548	0	0	0	0	0.167115495154329	0	0
265	1	0	0	0	0	0	0	0	0	0	0	0	0	0	0	0	0	0	0
266	792	0.710270484593428	0.552190061415246	0.425890324256393	0.678416417190307	0.501223113322822	0.113060374473186	0.401175311508254	0.259674164182648	0.351970860432856	0.182737897344798	0.376265954112497	0	0.0843502345250551	0.146407060049226	0.120015595230441	0.461702469443664	0.183230675758879	0.291709996653098
267	47	0.317644720314545	0.252449721877468	0.175093056133857	0.250587463569838	0.212088931730368	0	0	0.112716304690964	0.182384673307997	0	0.137285746681871	0	0	0.0972088303278149	0	0.17662586537021	0	0.162338489456193
268	64	0.14775509961561	0.0852553470553687	0	0.0929599453279217	0	0	0.150862266622911	0	0	0	0	0	0	0	0	0.108044186071766	0	0
269	57	0.390722232962187	0.236576285390377	0.192367193111858	0.365324859185213	0.222928601205937	0	0	0.15192358747204	0.166991373084143	0	0.152721204461872	0	0	0	0	0	0	0.108037290214338
270	9	0	0	0	0.099052718879567	0	0	0	0	0	0	0	0	0	0	0	0.0910169062096617	0	0.108335558831638
271	40	0.184833202382854	0.207404888598208	0.094656016527952	0.276222306337712	0	0	0.0896993464736596	0	0	0	0	0	0	0	0.12580823935272	0.354027989146808	0	0.287121248052946
272	610	0.170029473562117	0.126297311068229	0	0.218850818928354	0	0	0	0	0	0	0.15636242124246	0	0	0.127899298306172	0.203220376774819	0.361681124554511	0.0913843142192556	0
273	4	0	0	0	0	0	0	0	0	0	0	0	0	0	0	0	0	0	0.350461136476519
274	39	0.161761418851091	0.106418105506301	0	0	0.18408002642483	0	0	0	0.0862986418008377	0	0.142002147725461	0	0	0	0	0	0	0.124353074358296
276	13	0	0	0	0	0	0	0	0	0	0	0	0	0	0	0	0	0	0
278	363	0.396437799354855	0.391202547056698	0.248528758867809	0.406555163852992	0.255461055265633	0.187784850817347	0.362376194803651	0.158395283125286	0.304882593496446	0	0.20686513530634	0.115744364047702	0	0.204247515696938	0.122574896408096	0.407585596061785	0.109561262795689	0.255628281224565
279	508	0.547771181840277	0.255126118424156	0.209320250705324	0.460264349392208	0.501451474684677	0.162080450772297	0.533120541142864	0.167933646368586	0.533714114906646	0	0.364288970560718	0.087656768258925	0	0.0934003555542681	0	0.236872999492062	0.134665702009551	0.167258368680935
280	122	0.28039606033661	0.180674956212767	0.0975727360998759	0.242662042074753	0.16996945014983	0.111274955453171	0.514338388698648	0	0.254684485361551	0	0.225904255687276	0	0	0	0	0.226167309937121	0	0.188491446377662
281	411	0.526322610088391	0.436253393957222	0.250652537067236	0.45811592288866	0.345892833010206	0.23831908054085	1.01496396495237	0.14724121505493	0.549494170586835	0.351975079706572	0.452965004834395	0.138441353334426	0	0.159368789394743	0	0.423966785845147	0.217741543636194	0.229530479820067
282	111	0.28333272289917	0.183676645720758	0.165008381129887	0.203528844992152	0.175505413253307	0.0958428560560279	0.400900912119219	0	0.26498619111397	0.127048589093161	0.432665621958501	0	0	0	0	0.268589087154422	0	0.141483782539614
283	307	0.418678589629171	0.294114428925396	0.237858141437664	0.451410767805812	0.29738343973609	0.185811747375103	0.756259370279085	0	0.459891581967688	0.0988390594105063	0.388047790306637	0.0860278709541802	0	0.241878039741972	0.266684928188687	0.593815667681686	0.115727430322774	0.736399188366331
284	86	0.353328381790447	0.563364291040251	0.265174871909836	0.383755095707679	0.300763983892841	0.106616727777233	0.25142536627576	0	0.223660927567787	0.101103736361425	0.332181669261212	0.1315119045228	0	0.17297001320188	0.108619279277166	0.466520607784623	0.103405202774646	0.243273695838329
285	107	0.444858330290686	0.478025076586636	0.24695724163975	0.436496600971223	0.436639655101051	0.134855580018929	0.703939885098366	0	0.411051145554203	0.218693235189292	0.359807824093271	0.131990444025269	0	0.195527405400453	0.194310126265851	0.451086370860584	0.130508200960046	0.562616403838132
286	23	0.150001971182695	0.144331621265994	0	0	0	0	0.099199351457344	0	0.0868122116873476	0	0	0	0	0	0	0	0	0
