0
0
0
0
0.377782702048421
0.529921775327749
0.491945708046238
0.402054584594877
0.319450807294899
0.501793760548846
0.445441666954732
0.672468008093979
0.625151767591426
0.894250421254562
0.605550064556999
0.564150777994036
0.317435996472874
0.669184999044986
0.809912824048369
0.100754340279047
0.515324948026058
0.540839568018768
0.251454040349972
0.18005857937506
1.62970025241441
0.0644480612949779
0.905389125780803
0.228495068661789
0.104507636956072
0.662372727381061
0.125388394167535
0.566465052988851
0.750687451331598
0.304052283762397
0.256222091846688
0.193755907646709
0.379138167188072
0.500730267877163
0.260378931674124
0.200084366960971
0.333849240139342
0.360836358011349
0.331237044855443
0.234104126960348
0.269209919696959
0.349722027927428
0.36560644824573
0.320524468572934
0.425391285601537
0.709266700015315
1.05947791536829
0.595810775572205
0.0785870261420537
1.02161852945872
0.816242690287212
0.130997882121247
0.182351064970109
0.679687171441476
0.368181791799904
0.415158137931315
0.717815189022866
0.491008242510139
0.448933925793006
0.461293307875279
0.797831573937403
0.499480142813563
0.377952369121168
0.702436911091744
0.0327756049958474
0.352298774168894
0.460640302732984
0.0991305326020327
0.344741092384482
0.160443538574834
0.213807198426588
0.245187532088812
0.238454308676644
0.32246337673171
0.316177193189168
0.297831881244186
0.885035867953602
0.216267515701565
0.0651488224107503
0.194644019063488
0.00635604083071979
1.25477210131314
0.40581358516815
0.372347168666234
0.405249932805829
0.599925285368872
0.859535036751709
0.753541642556718
0.821721864148179
0.766600855260764
0.810664473179891
0.771362153586297
1.28896388434316
0.796653552971282
0.481515979657029
0.540900279226799
0.618802060474274
0.0434787082266832
0.891558754843872
0.493405958829777
0.871666201008404
0.601691537161702
0.638420326931971
0.678690279678979
0.651026752010006
0.195622304885207
0.151264514752202
0.245549752569602
0.742402725305985
0.731653126664837
0.38701498166086
0.477122041428586
0.557214384753874
0.444822102484826
0.203109805993227
0.401124139174147
0.268550100540506
0.277149809184852
0.333977129631746
0.371746632760563
0.261247474422745
0.317572019775131
0.530045007244342
0.279802265950451
0.444181290956272
0.471746944572024
0.55025085783766
0.380852405007461
0.298747340009053
0.611096797006471
0.623387176837615
0.218801864902751
0.434385609102121
0.096814233198778
0.494069179331178
0.153850522533193
0.647491559592888
0.669282453754797
0.105104661816546
0.470466989173049
0.832775823183282
0.877193549262353
0.166069986832052
0.890429057413737
0.0873773317185785
0.345996182828041
0.488838945122656
0.243690942018451
0.162302050751032
0.169505562376267
0.181939475193544
0.186053418941086
0.287027261688396
0.204490230957692
0.265076839389951
0.252746290375752
0.46291519058428
0.512947464783628
0.464930400972999
0.394160841630275
0.330943390069449
0.362965741555192
0.299523109043516
0.35029590256218
0.284647805418174
0.315291618257316
0.470837996464151
0.249829267799326
0.907954530465926
0.622307401181773
0.716213204153371
0.960348275265638
1.06082688819406
0.70610099752609
0.299723402233199
1.02350479221314
0.37842984125407
0.0625411921670561
0.13242329248514
0.451887885962442
0.688260134735936
0.0132370880405817
0.512568588606287
0.0445390712584452
0.507321622601616
1.03387220686045
1.36135638025987
0.0947335601986915
1.09767428537025
0.264087124337467
1.03005569598705
0.314842264390017
1.29451679688296
0.403485875274013
1.0696918585119
0.0489754289949043
0.161630831133088
0.205252119270966
0.140753558356147
0.251460328285466
0.212724251968032
0.294373876979114
0.403712142460098
0.420725580463816
0.97601818285337
0.575639063723609
0.0118622674273478
0.741744862615761
0.977795702695165
0.610358329157704
1.04698748013234
0.532916114428444
0.694123028021544
0.806160503673047
0.962614227987341
0.385056946732569
0.236883937035509
0.460421975708242
0.50165279976993
0.219101868284552
0.469894408489366
0.309236595047486
0.503459216257396
0.54381077344178
0.71739851557007
1.06307716760931
0.149453875430004
0.151919400980206
0.668770649700181
0.308797108811704
0.578818278917001
0.510326037071971
0.36349949722638
0.712044792556725
0.3449145146694
0.473945619873092
0.345504013319971
0.124105322294623
0.160512114716628
0.452496305282465
0.450741445724073
0.456468967184074
0.35846350926801
1.02421034268727
0.509046294227122
0.591300177236504
0.515870637819399
0.948347428473433
0.487672895725049
1.31364446383142
0.855564292440488
0.684922447551476
0.933197919603115
0.572829117136434
0.455712226056551
0.485979227377501
0.581889898430422
0.571553288708474
0.33919394758963
0.509487715066938
0.30317985888705
0.613749416040984
0.685679506951367
0.755773374892228
0.621644377850477
0.330225217695293
0.72344346710779
0.678447770031259
0.424730177065218
0.993452839132935
0
0
0
0.702997689345252
0.492175331065876
0.494916015752105
0.404367691243475
0.474848073421508
0.465071448196214
0.582329319023728
0.761311172965148
0.570842312959052
0
0
