0
0
0
0
0.10449041805815
0.119727401394663
0.175199420844012
0.0655817129051846
0.0291221667619097
0.0568738889554606
0.0475477380398232
0.154608293424095
0.15687653558629
0.136934960281663
0.0404263917588847
0.0291509768069491
0.00433712366437312
0.0793780926827214
0.0775601559698756
0.00103067666301047
0.0061234382304309
0.00677854717165296
0.00385201631698812
0.00271032762564803
0.0369984263221724
0.000706326484900992
0.0548333431213885
0.0044413438799082
0.00157588602109891
0.0345412802520449
0.00235552619725858
0.00726641732806918
0.0155643489394837
0.00632601563217426
0.0319761872114669
0.00754253459698076
0.0995561603589831
0.0864142844239206
0.151099886541209
0.0953365505077682
0.230964443917558
0.22473339019582
0.173022825706182
0.0669010213220514
0.0897137315014341
0.0901029182981795
0.0674607800686649
0.0299386837524361
0.0713561194930168
0.110421206506087
0.387535912000621
0.028873744710243
0.000728565692531819
0.194259496987973
0.0578482253539029
0.00212965630542496
0.00224267507430904
0.0773156126061187
0.0149094683724987
0.0522619219538596
0.141259230650815
0.120706861731348
0.0810050854164343
0.126105519402477
0.0979607101287698
0.0261962982499756
0.0358213119687967
0.226925391417227
0.000795734454808096
0.0169140562659694
0.122215596049589
0.00421613813120307
0.0774142998174918
0.0895911088356012
0.293208199100313
0.110245623879019
0.184478343349446
0.320020708345403
0.157430191835146
0.0997229729012522
0.0803271232314141
0.00700133314121251
0.000898987675528549
0.00253706637075339
0.00041036884714373
0.0813804980369668
0.0108589107407539
0.0105102384651825
0.0404377656127682
0.0763705570040305
0.0596145369349912
0.0404651707809794
0.149078128380782
0.0335974666166249
0.0919607098548792
0.038273879086573
0.037724758804129
0.0399797514582621
0.0111015887070704
0.086517085041958
0.0893083078012817
0.00071932879765018
0.129143294160496
0.0660143266603016
0.0575259088597198
0.0297599119306981
0.0546276600539098
0.183581728734006
0.0251414943972372
0.0122400809680653
0.00857780910024447
0.0298808532516472
0.130789264065158
0.302369351035155
0.128369632468044
0.190245807277544
0.258269515225724
0.194725158613881
0.03000796736695
0.267303395686417
0.0526243755376739
0.127587563691427
0.253091160524621
0.19984679548561
0.264385894196723
0.230077745256589
0.291323873243745
0.127695657079978
0.0740814116672342
0.10821402225766
0.360577310594866
0.0982071835943153
0.0931036200670992
0.271967408733238
0.293565152386695
0.014322962716148
0.018858062207054
0.000912559986588334
0.032744941906908
0.00411210875350171
0.0387118901604903
0.0801885270910967
0.00281231545629481
0.0257603617045153
0.05458813476134
0.0201088920453367
0.00214385109159827
0.0699793180411694
0.0042712822867631
0.0206478394395228
0.0685598043329087
0.0620446017019137
0.0425128452799724
0.0975802542151723
0.199150284154928
0.163135448613899
0.453346606480616
0.118324173314515
0.163687297902005
0.0164387160963033
0.0380789942733653
0.0535856254266001
0.0978389814753707
0.110032354613719
0.264219459465738
0.388430750432743
0.2963933931859
0.272142106469078
0.0641437456812197
0.0805844915502601
0.0167607166668337
0.0126950604517928
0.247667219383845
0.0771895169005679
0.0734843078900091
0.119202573702909
0.104605903178417
0.0260915719809571
0.0198323273857463
0.0476683385613737
0.0108815218861167
0.00416058556550409
0.00577352185773004
0.020269827491103
0.0173781326172547
0.000431125296064423
0.0160582729748503
0.000936557793711268
0.00289228307980144
0.0465745461791245
0.0111287065898018
0.000871737372780315
0.118949150519165
0.00545040194153724
0.042787998687363
0.00457572398546217
0.0105129486057984
0.00367315618869408
0.0266012387092609
0.00190023547909497
0.0109405075026621
0.0353082107887482
0.0220833940531254
0.0950492005333954
0.0685006889539103
0.0663701066027941
0.152884208190797
0.181596287101738
0.182714313251585
0.0527091969563995
0.000427753481231846
0.0366332725992277
0.0766986896909126
0.00983587743352655
0.0270045582224603
0.00584728385516728
0.0136031668684437
0.0336286768391362
0.086651414422137
0.00574614238805017
0.0020571279667441
0.0371352464473998
0.0541978370869443
0.0374809787739128
0.121297985985244
0.0406585498992509
0.0202062347756724
0.0346850606430081
0.0451317981220848
0.0789161157972484
0.0024939059087555
0.00205608901415534
0.0743789597392676
0.0220673364397835
0.00635135087170601
0.023895180014276
0.00592861791839319
0.0611530231348681
0.00930121428620043
0.0223960538624494
0.0360619812331452
0.0137641991605566
0.0204228067437651
0.0488473662653304
0.163718001774172
0.111422728820707
0.0986103038000991
0.122106648604232
0.0146260842135629
0.11905521323634
0.0483970037873117
0.085595787344755
0.0209649079067893
0.040061735220109
0.097479769722222
0.172168516889633
0.290704075418994
0.0217735788212821
0.0400747141461675
0.0404226480221585
0.130707223063295
0.148127389522102
0.0152215102450679
0.074255766298248
0.0104913979878123
0.259887574208356
0.124969505054875
0.0503667242842816
0.123456331743844
0.033673706832134
0.0876412638780942
0.0837532203227174
0.0284489324390919
0.0795868162990252
0
0
0
0.273218817686755
0.282124671897683
0.220478419223127
0.350845596132958
0.206380976106484
0.31341690933715
0.223615372583604
0.332866797199951
0.048096063869544
0
0
