266 1235 61.3113915390618 539 36 0 0 5 0 0 252 3 1 57 0 3 0 35 0 9 67 0 0 0 0 0 0 25 3 0 0 0 0 0 0 0 0 0 11 47 0 0 39 9 0 62 0 0 0 0 0 0 2 0 7 2 0 5 0 0 0 0 0 0 1 0 4 0 0 9 0 0 0 0 0 0 0 0 0 0 0 0 0 0 0 0 0 0 1 0 0 0 1 0 0 0 0 0 0
261 1045 56.7208992935291 503 0 0 0 155 0 0 8 31 0 7 189 37 0 6 0 0 0 9 0 0 0 27 0 9 0 0 0 5 0 0 0 0 0 0 0 7 0 0 3 1 0 27 0 0 0 2 0 0 7 1 1 0 0 0 0 0 0 2 0 0 0 3 2 0 0 0 0 0 0 0 0 0 0 0 0 0 0 0 1 0 0 0 0 0 2 0 0 0 0 0 0 0 0 0 0
93 970 44.3387626935279 6 15 325 11 0 79 0 0 0 253 127 0 0 0 0 0 0 0 0 14 38 0 0 0 0 14 0 0 0 1 46 0 0 0 1 0 0 0 0 3 0 0 4 3 0 0 0 0 0 0 0 0 2 0 3 0 0 0 0 1 12 0 0 0 0 0 0 0 0 0 3 0 1 2 0 0 0 0 0 0 0 0 4 0 0 0 1 0 0 0 0 0 1 0 0 0
87 640 42.3244775928631 0 0 368 0 0 44 0 0 3 191 0 0 0 0 0 0 0 0 0 0 24 0 0 0 0 0 0 0 0 0 1 0 0 0 0 0 0 0 0 0 0 0 0 0 0 0 0 0 0 0 0 0 0 0 0 0 0 2 0 1 1 0 0 0 0 0 0 0 0 0 0 0 0 3 0 0 0 0 0 0 0 0 2 0 0 0 0 0 0 0 0 0 0 0 0 0
279 949 37.8175313819472 175 0 11 0 179 0 0 0 147 1 1 123 210 6 29 0 0 0 1 0 0 0 2 6 0 0 0 0 21 0 0 0 0 0 3 0 0 0 0 0 0 0 10 0 0 0 0 0 0 6 7 0 0 0 0 0 0 0 0 0 0 0 8 0 0 0 0 0 0 0 0 0 0 1 0 0 0 1 0 1 0 0 0 0 0 0 0 0 0 0 0 0 0 0 0 0
272 610 37.2055398157648 296 7 0 1 0 0 0 215 0 0 0 0 0 0 4 0 0 7 0 0 0 0 0 0 2 0 1 0 0 0 0 0 0 0 0 0 0 0 0 31 16 4 0 0 0 0 0 0 0 0 0 2 0 0 0 0 0 0 0 0 0 8 0 0 0 0 9 0 0 0 0 6 0 0 0 0 0 0 0 0 0 0 0 0 0 0 0 0 0 0 0 0 0 0 1 0
51 798 33.7705298183272 239 18 3 1 0 0 2 213 0 36 0 0 0 0 0 0 0 0 0 73 5 4 0 0 0 18 28 11 0 0 46 0 0 0 0 0 0 0 29 1 26 7 0 8 1 0 0 22 0 0 0 0 0 0 0 0 0 0 0 0 2 0 0 0 0 0 0 0 0 0 0 0 0 0 4 0 0 0 0 0 0 0 0 0 0 0 1 0 0 0 0 0 0 0 0 0
95 565 31.7685278858667 0 8 3 291 0 19 0 0 2 7 29 0 6 0 0 0 0 0 11 111 0 8 10 0 5 0 0 0 0 3 10 0 0 0 0 0 0 0 0 0 0 0 4 1 0 0 0 0 0 0 0 0 3 0 16 0 0 0 0 11 2 0 0 0 0 0 0 0 0 0 0 0 0 0 0 0 0 0 0 1 0 0 0 0 3 0 0 0 0 0 0 0 0 1 0 0
177 548 31.6516954452902 2 0 0 288 0 2 0 0 6 0 0 0 31 0 0 24 0 0 28 111 0 2 0 0 20 0 0 0 0 4 0 0 0 3 0 0 0 0 0 0 0 0 0 0 0 0 1 0 0 0 1 0 0 5 14 0 0 4 0 0 0 0 0 0 0 0 0 0 0 0 0 0 0 0 0 0 0 0 0 2 0 0 0 0 0 0 0 0 0 0 0 0 0 0 0 0
135 698 31.3796713164721 0 4 184 158 0 163 0 0 0 0 110 0 0 0 0 0 0 0 1 0 0 24 14 0 0 0 2 16 0 1 1 0 0 0 0 0 0 0 0 0 6 0 0 5 1 0 0 0 0 0 0 3 0 0 0 0 0 0 0 0 0 0 0 0 0 0 0 0 0 0 0 0 0 1 0 0 0 0 0 0 0 0 0 0 2 0 0 0 0 0 0 2 0 0 0 0
278 681 30.8046743291715 21 0 244 0 12 0 0 0 114 69 0 18 17 1 126 0 0 0 0 0 1 0 0 9 0 0 0 0 7 0 0 2 0 0 20 0 0 0 0 0 0 0 3 0 0 0 0 0 0 6 0 0 0 0 0 0 0 0 0 2 0 0 4 0 0 0 0 0 0 0 0 0 0 3 0 0 0 0 0 0 0 0 1 0 0 0 0 0 0 1 0 0 0 0 0 0
68 670 28.9849249989194 0 251 0 0 2 0 0 18 1 0 17 0 5 0 14 0 89 17 0 0 0 0 0 89 0 37 0 0 40 0 0 0 0 0 10 33 0 3 0 0 0 0 2 0 0 0 0 0 0 14 0 0 9 0 0 0 0 0 0 0 0 0 0 0 4 0 4 0 0 0 0 0 0 4 0 0 0 0 0 0 2 4 0 0 0 0 0 0 0 1 0 0 0 0 0 0
157 843 28.0856596204502 45 175 70 0 66 0 0 0 131 2 0 46 73 116 6 0 34 0 0 0 0 0 0 7 0 0 0 0 1 0 0 6 18 0 0 0 0 24 0 0 0 0 0 0 0 0 0 0 0 0 0 0 0 0 0 0 12 0 0 0 0 0 0 0 0 4 0 0 0 0 0 0 0 0 0 0 5 0 0 0 0 2 0 0 0 0 0 0 0 0 0 0 0 0 0 0
224 473 27.8046738939855 1 0 0 0 182 0 0 0 6 0 0 203 7 0 0 0 0 2 0 0 0 0 3 0 3 0 0 0 0 0 0 0 0 0 0 1 26 0 0 0 0 0 0 3 1 0 2 0 25 2 0 0 0 0 0 0 0 0 1 0 0 0 2 0 0 0 0 0 0 0 0 3 0 0 0 0 0 0 0 0 0 0 0 0 0 0 0 0 0 0 0 0 0 0 0 0
281 807 26.5657389666108 63 2 95 0 94 0 0 0 151 11 0 68 114 22 40 0 0 0 0 0 0 0 0 89 0 0 0 0 8 0 0 0 0 0 36 0 0 1 0 0 0 0 1 0 0 0 0 0 0 9 2 0 0 0 0 0 1 0 0 0 0 0 0 0 0 0 0 0 0 0 0 0 0 0 0 0 0 0 0 0 0 0 0 0 0 0 0 0 0 0 0 0 0 0 0 0
54 698 26.2026431638476 51 9 111 8 0 0 0 22 0 209 14 0 0 0 0 0 0 0 0 14 27 9 0 0 1 69 4 0 0 0 57 0 0 0 0 0 0 0 10 36 13 0 0 9 0 0 0 1 0 0 0 1 0 0 0 0 0 0 0 1 13 0 0 0 0 0 0 0 0 0 1 0 1 0 4 0 0 0 0 0 0 0 1 0 0 0 1 1 0 0 0 0 0 0 0 0
131 607 23.8064541410923 0 27 127 116 0 146 10 0 0 0 59 0 0 0 0 0 0 0 0 0 0 6 13 0 0 0 9 36 0 1 0 0 0 0 0 0 0 0 3 0 25 2 0 8 13 0 0 2 0 0 0 3 0 0 0 0 0 0 0 0 0 0 0 0 0 0 0 0 0 0 0 0 0 0 0 0 0 0 0 0 0 0 0 0 0 0 0 0 0 0 0 1 0 0 0 0
283 755 23.4954059525941 88 34 97 0 56 0 0 0 34 30 0 38 73 143 17 0 0 0 1 0 0 0 0 63 0 0 0 0 0 0 0 1 55 0 7 0 0 0 0 0 0 0 0 0 0 0 0 0 0 0 0 0 0 0 0 0 18 0 0 0 0 0 0 0 0 0 0 0 0 0 0 0 0 0 0 0 0 0 0 0 0 0 0 0 0 0 0 0 0 0 0 0 0 0 0 0
75 516 23.4171552049931 1 211 13 0 20 0 0 6 52 0 1 8 18 18 6 0 45 0 0 0 0 0 0 7 0 9 0 0 0 0 0 3 14 0 0 4 0 62 0 0 0 0 0 0 0 0 0 0 0 0 0 0 1 0 0 0 1 1 0 0 0 0 0 0 4 0 2 0 0 0 0 0 0 0 0 0 6 0 0 0 0 3 0 0 0 0 0 0 0 0 0 0 0 0 0 0
64 525 23.2478422881056 0 183 0 0 0 0 0 3 0 1 23 0 0 0 0 0 108 41 0 0 9 0 0 61 0 52 0 0 14 0 0 0 0 0 8 0 0 0 0 0 2 0 3 0 0 0 0 0 0 0 0 0 4 0 4 0 0 0 0 0 0 0 0 0 0 0 0 5 0 0 0 0 0 2 0 0 0 0 0 0 1 0 0 0 0 0 0 0 0 1 0 0 0 0 0 0
