117	18	0
157	18	0
166	18	0
167	18	0
78	17	0
124	17	0
126	17	0
131	17	0
168	17	0
257	17	0
51	16	0
114	16	0
120	16	0
123	16	0
278	16	0
281	16	0
283	16	0
284	16	0
285	16	0
116	15	0
279	15	0
13	14	0
79	14	0
108	14	0
125	14	0
173	14	0
193	14	0
245	14	0
75	13	0
134	13	0
135	13	0
155	13	0
165	13	0
207	13	0
209	13	0
7	12	0
14	12	0
41	12	0
42	12	0
127	12	0
208	12	0
282	12	0
68	11	0
77	11	0
103	11	0
113	11	0
118	11	0
128	11	0
164	11	0
246	11	0
250	11	0
261	11	0
262	11	0
280	11	0
6	10	0
39	10	0
43	10	0
163	10	0
266	10	0
5	9	0
12	9	0
76	9	0
104	9	0
115	9	0
130	9	0
156	9	0
247	9	0
252	9	0
255	9	0
256	9	0
50	8	0
54	8	0
80	8	0
101	8	0
122	8	0
132	8	0
133	8	0
154	8	0
177	8	0
204	8	0
219	8	0
248	8	0
267	8	0
272	8	0
37	7	0
38	7	0
45	7	0
64	7	0
81	7	0
105	7	0
225	7	0
264	7	0
271	7	0
18	6	0
19	6	0
40	6	0
46	6	0
73	6	0
74	6	0
93	6	0
159	6	0
175	6	0
176	6	0
254	6	0
269	6	0
61	5	0
71	5	0
100	5	0
129	5	0
148	5	0
158	5	0
162	5	0
174	5	0
180	5	0
190	5	0
205	5	0
230	5	0
274	5	0
8	4	0
25	4	0
47	4	0
62	4	0
86	4	0
91	4	0
151	4	0
169	4	0
206	4	0
213	4	0
226	4	0
229	4	0
241	4	0
286	4	0
27	3	0
30	3	0
55	3	0
58	3	0
63	3	0
65	3	0
98	3	0
106	3	0
107	3	0
152	3	0
170	3	0
233	3	0
268	3	0
10	2	0
90	2	0
95	2	0
109	2	0
121	2	0
142	2	0
145	2	0
161	2	0
195	2	0
210	2	0
222	2	0
223	2	0
224	2	0
228	2	0
251	2	0
270	2	0
35	1	0
44	1	0
49	1	0
67	1	0
89	1	0
96	1	0
119	1	0
141	1	0
144	1	0
153	1	0
184	1	0
202	1	0
212	1	0
238	1	0
244	1	0
259	1	0
260	1	0
1	0	0
2	0	0
3	0	0
4	0	0
9	0	0
11	0	0
15	0	0
16	0	0
17	0	0
20	0	0
21	0	0
22	0	0
23	0	0
24	0	0
26	0	0
28	0	0
29	0	0
31	0	0
32	0	0
33	0	0
34	0	0
36	0	0
48	0	0
52	0	0
53	0	0
56	0	0
57	0	0
59	0	0
60	0	0
66	0	0
69	0	0
70	0	0
72	0	0
82	0	0
83	0	0
84	0	0
85	0	0
87	0	0
88	0	0
92	0	0
94	0	0
97	0	0
99	0	0
102	0	0
110	0	0
111	0	0
112	0	0
136	0	0
137	0	0
138	0	0
139	0	0
140	0	0
143	0	0
146	0	0
147	0	0
149	0	0
150	0	0
160	0	0
171	0	0
172	0	0
178	0	0
179	0	0
181	0	0
182	0	0
183	0	0
185	0	0
186	0	0
187	0	0
188	0	0
189	0	0
191	0	0
192	0	0
194	0	0
196	0	0
197	0	0
198	0	0
199	0	0
200	0	0
201	0	0
203	0	0
211	0	0
214	0	0
215	0	0
216	0	0
217	0	0
218	0	0
220	0	0
221	0	0
227	0	0
231	0	0
232	0	0
234	0	0
235	0	0
236	0	0
237	0	0
239	0	0
240	0	0
242	0	0
243	0	0
249	0	0
253	0	0
258	0	0
263	0	0
265	0	0
273	0	0
275	0	0
276	0	0
277	0	0
287	0	0
288	0	0
