266	230	0
68	110	0
261	110	0
95	80	0
62	79	0
93	74	0
279	72	0
51	70	0
54	70	0
135	70	0
281	64	0
157	62	0
64	59	0
61	58	0
87	54	0
233	51	0
131	49	0
177	48	0
75	45	0
278	41	0
90	40	0
108	40	0
283	40	0
173	39	0
212	39	0
218	38	0
55	37	0
262	35	0
100	33	0
104	31	0
134	31	0
145	31	0
222	31	0
230	31	0
59	28	0
229	27	0
101	26	0
255	26	0
58	25	0
98	25	0
120	25	0
189	25	0
18	23	0
280	23	0
53	22	0
97	22	0
272	22	0
268	21	0
65	20	0
89	20	0
103	20	0
125	20	0
163	20	0
226	20	0
67	19	0
257	19	0
269	19	0
86	18	0
193	18	0
219	18	0
43	17	0
146	17	0
30	15	0
45	15	0
142	15	0
77	14	0
91	14	0
102	14	0
160	14	0
225	14	0
161	13	0
164	13	0
178	13	0
256	13	0
37	12	0
49	12	0
78	12	0
130	12	0
214	12	0
263	12	0
274	12	0
11	11	0
19	11	0
71	11	0
127	11	0
165	11	0
208	11	0
224	11	0
94	10	0
181	10	0
182	10	0
183	10	0
236	10	0
252	10	0
271	10	0
47	9	0
7	8	0
34	8	0
109	8	0
192	8	0
84	7	0
99	7	0
126	7	0
166	7	0
209	7	0
223	7	0
250	7	0
14	6	0
69	6	0
82	6	0
85	6	0
106	6	0
215	6	0
276	6	0
162	5	0
171	5	0
176	5	0
185	5	0
186	5	0
235	5	0
285	5	0
105	4	0
114	4	0
129	4	0
143	4	0
148	4	0
184	4	0
217	4	0
238	4	0
258	4	0
48	3	0
80	3	0
92	3	0
128	3	0
149	3	0
159	3	0
168	3	0
174	3	0
188	3	0
190	3	0
251	3	0
282	3	0
12	2	0
26	2	0
33	2	0
38	2	0
41	2	0
52	2	0
57	2	0
96	2	0
141	2	0
150	2	0
180	2	0
207	2	0
228	2	0
239	2	0
245	2	0
248	2	0
259	2	0
260	2	0
13	1	0
15	1	0
35	1	0
36	1	0
46	1	0
56	1	0
72	1	0
73	1	0
79	1	0
107	1	0
110	1	0
121	1	0
195	1	0
197	1	0
213	1	0
220	1	0
232	1	0
264	1	0
267	1	0
273	1	0
1	0	0
2	0	0
3	0	0
4	0	0
5	0	0
6	0	0
8	0	0
9	0	0
10	0	0
16	0	0
17	0	0
20	0	0
21	0	0
22	0	0
23	0	0
24	0	0
25	0	0
27	0	0
28	0	0
29	0	0
31	0	0
32	0	0
39	0	0
40	0	0
42	0	0
44	0	0
50	0	0
60	0	0
63	0	0
66	0	0
70	0	0
74	0	0
76	0	0
81	0	0
83	0	0
88	0	0
111	0	0
112	0	0
113	0	0
115	0	0
116	0	0
117	0	0
118	0	0
119	0	0
122	0	0
123	0	0
124	0	0
132	0	0
133	0	0
136	0	0
137	0	0
138	0	0
139	0	0
140	0	0
144	0	0
147	0	0
151	0	0
152	0	0
153	0	0
154	0	0
155	0	0
156	0	0
158	0	0
167	0	0
169	0	0
170	0	0
172	0	0
175	0	0
179	0	0
187	0	0
191	0	0
194	0	0
196	0	0
198	0	0
199	0	0
200	0	0
201	0	0
202	0	0
203	0	0
204	0	0
205	0	0
206	0	0
210	0	0
211	0	0
216	0	0
221	0	0
227	0	0
231	0	0
234	0	0
237	0	0
240	0	0
241	0	0
242	0	0
243	0	0
244	0	0
246	0	0
247	0	0
249	0	0
253	0	0
254	0	0
265	0	0
270	0	0
275	0	0
277	0	0
284	0	0
286	0	0
287	0	0
288	0	0
