1 2 1 7 15 17
1 0 1 7 9 12
1 0 4 7 9 12
2 1 15 17 19 25
2 2 17 19 25 27
2 0 17 19 21 24
3 1 25 27 29 45
3 2 27 29 45 47
3 0 27 29 31 34
3 0 29 31 34 35
4 1 45 47 49 69
4 2 47 49 69 71
4 0 47 49 51 54
4 0 49 51 54 57
4 0 51 54 57 60
4 0 54 57 60 62
4 0 57 60 62 63
5 1 69 71 73 84
5 2 71 73 84 86
5 0 71 73 75 78
5 0 73 75 78 81
5 0 75 78 81 82
6 1 84 86 88 99
6 2 86 88 99 101
6 0 86 88 90 93
6 0 88 90 93 96
6 0 90 93 96 97
7 1 99 101 103 113
7 2 101 103 113 115
7 0 101 103 105 108
7 0 103 105 108 109
8 1 113 115 117 123
8 2 115 117 123 125
9 1 123 125 127 137
9 2 125 127 137 139
9 0 125 127 129 132
9 0 127 129 132 133
10 1 137 139 141 157
10 2 139 141 157 159
10 0 139 141 143 146
10 0 141 143 146 147
11 1 157 159 161 171
11 2 159 161 171 173
11 0 159 161 163 166
11 0 161 163 166 167
12 1 171 173 175 193
12 2 173 175 193 195
12 0 173 175 177 180
12 0 175 177 180 183
12 0 177 180 183 186
12 0 180 183 186 189
13 1 193 195 197 212
13 2 195 197 212 214
13 0 195 197 199 205
13 0 197 199 205 208
14 1 212 214 216 232
14 2 214 216 232 234
14 0 214 216 218 221
14 0 216 218 221 222
15 1 232 234 236 251
15 2 234 236 251 253
15 0 234 236 238 241
15 0 236 238 241 243
16 1 251 253 257 265
16 2 253 257 265 267
16 0 253 257 259 262
16 0 254 257 259 262
17 1 265 267 269 279
17 2 267 269 279 281
17 0 267 269 271 273
18 1 279 281 283 298
18 2 281 283 298 300
18 0 281 283 285 291
18 0 283 285 291 294
19 1 298 300 302 319
19 2 300 302 319 321
19 0 300 302 304 307
19 0 302 304 307 308
20 1 319 321 323 330
20 2 321 323 330 332
20 0 321 323 325 328
21 1 330 332 334 349
21 2 332 334 349 351
21 0 332 334 336 342
21 0 334 336 342 345
22 1 349 351 353 368
22 2 351 353 368 370
22 0 351 353 355 361
22 0 353 355 361 364
23 1 368 370 372 388
23 2 370 372 388 390
23 0 370 372 374 377
23 0 372 374 377 378
24 1 388 390 392 407
24 2 390 392 407 409
24 0 390 392 394 397
24 0 392 394 397 399
25 1 407 409 411 421
25 2 409 411 421 423
25 0 409 411 413 415
26 1 421 423 425 428
26 2 423 425 428 430
27 1 428 430 432 447
27 2 430 432 447 449
27 0 430 432 434 440
27 0 432 434 440 443
28 1 447 449 451 463
28 2 449 451 463 465
28 0 449 451 453 455
29 1 463 465 467 470
29 2 465 467 470 472
30 1 470 472 474 484
30 2 472 474 484 486
30 0 472 474 476 479
30 0 474 476 479 480
31 1 484 486 488 491
31 2 486 488 491 493
32 1 491 493 495 510
32 2 493 495 510 512
32 0 493 495 497 500
32 0 495 497 500 502
33 1 510 512 514 526
33 2 512 514 526 528
33 0 512 514 516 518
34 1 526 528 530 545
34 2 528 530 545 547
34 0 528 530 532 538
34 0 530 532 538 541
35 1 545 547 549 564
35 2 547 549 564 566
35 0 547 549 551 554
35 0 549 551 554 556
36 1 564 566 568 580
36 2 566 568 580 582
36 0 566 568 570 572
37 1 580 582 584 597
37 2 582 584 597 599
37 0 582 584 586 589
37 0 584 586 589 592
37 0 586 589 592 593
38 1 597 599 601 604
38 2 599 601 604 606
39 1 604 606 608 625
39 2 606 608 625 627
39 0 606 608 610 613
39 0 608 610 613 614
40 1 625 627 629 642
40 2 627 629 642 644
40 0 627 629 631 634
40 0 629 631 634 637
40 0 631 634 637 638
41 1 642 644 646 664
41 2 644 646 664 666
41 0 644 646 648 651
41 0 646 648 651 654
41 0 648 651 654 657
41 0 651 654 657 660
42 1 664 666 668 686
42 2 666 668 686 688
42 0 666 668 670 673
42 0 668 670 673 676
42 0 670 673 676 679
42 0 673 676 679 682
43 1 686 688 690 705
43 2 688 690 705 707
43 0 688 690 692 695
43 0 690 692 695 697
44 1 705 707 709 729
44 2 707 709 729 731
44 0 707 709 711 714
44 0 709 711 714 717
44 0 711 714 717 720
44 0 714 717 720 722
44 0 717 720 722 723
45 1 729 731 733 740
45 2 731 733 740 742
45 0 731 733 735 738
46 1 740 742 744 757
46 2 742 744 757 759
46 0 742 744 746 749
46 0 744 746 749 752
46 0 746 749 752 753
47 1 757 759 761 771
47 2 759 761 771 773
47 0 759 761 763 765
48 1 771 773 775 783
48 2 773 775 783 785
48 0 773 775 777 780
48 0 775 777 780 781
49 1 783 785 787 805
49 2 785 787 805 807
49 0 785 787 789 792
49 0 787 789 792 795
49 0 789 792 795 798
49 0 792 795 798 801
50 1 805 807 809 826
50 2 807 809 826 828
50 0 807 809 811 814
50 0 809 811 814 815
51 1 826 828 830 850
51 2 828 830 850 852
51 0 828 830 832 835
51 0 830 832 835 838
51 0 832 835 838 841
51 0 835 838 841 843
51 0 838 841 843 844
52 1 850 852 854 869
52 2 852 854 869 871
52 0 852 854 856 859
52 0 854 856 859 861
53 1 869 871 873 886
53 2 871 873 886 888
53 0 871 873 875 880
54 1 886 888 890 905
54 2 888 890 905 907
54 0 888 890 892 895
54 0 890 892 895 897
55 1 905 907 909 916
55 2 907 909 916 918
55 0 907 909 911 914
56 1 916 918 920 932
56 2 918 920 932 934
56 0 918 920 922 924
57 1 932 934 936 942
57 2 934 936 942 944
58 1 942 944 946 954
58 2 944 946 954 956
58 0 944 946 948 951
58 0 946 948 951 952
59 1 954 956 958 973
59 2 956 958 973 975
59 0 956 958 960 963
59 0 958 960 963 965
60 1 973 975 977 992
60 2 975 977 992 994
60 0 975 977 979 982
60 0 977 979 982 984
61 1 992 994 996 1012
61 2 994 996 1012 1014
61 0 994 996 998 1001
61 0 996 998 1001 1002
62 1 1012 1014 1016 1028
62 2 1014 1016 1028 1030
62 0 1014 1016 1018 1020
63 1 1028 1030 1032 1047
63 2 1030 1032 1047 1049
63 0 1030 1032 1034 1040
63 0 1032 1034 1040 1043
64 1 1047 1049 1051 1061
64 2 1049 1051 1061 1063
64 0 1049 1051 1053 1055
65 1 1061 1063 1065 1080
65 2 1063 1065 1080 1082
65 0 1063 1065 1067 1070
65 0 1065 1067 1070 1072
66 1 1080 1082 1086 1094
66 2 1082 1086 1094 1096
66 0 1082 1086 1088 1091
66 0 1083 1086 1088 1091
67 1 1094 1096 1098 1114
67 2 1096 1098 1114 1116
67 0 1096 1098 1100 1103
67 0 1098 1100 1103 1104
68 1 1114 1116 1118 1138
68 2 1116 1118 1138 1140
68 0 1116 1118 1120 1123
68 0 1118 1120 1123 1124
69 1 1138 1140 1142 1148
69 2 1140 1142 1148 1150
70 1 1148 1150 1152 1164
70 2 1150 1152 1164 1166
70 0 1150 1152 1154 1156
71 1 1164 1166 1168 1176
71 2 1166 1168 1176 1178
71 0 1166 1168 1170 1173
71 0 1168 1170 1173 1174
72 1 1176 1178 1180 1186
72 2 1178 1180 1186 1188
73 1 1186 1188 1190 1202
73 2 1188 1190 1202 1204
73 0 1188 1190 1192 1194
74 1 1202 1204 1206 1212
74 2 1204 1206 1212 1214
75 1 1212 1214 1216 1226
75 2 1214 1216 1226 1228
75 0 1214 1216 1218 1221
75 0 1216 1218 1221 1222
76 1 1226 1228 1230 1250
76 2 1228 1230 1250 1252
76 0 1228 1230 1232 1235
76 0 1230 1232 1235 1236
77 1 1250 1252 1254 1271
77 2 1252 1254 1271 1273
77 0 1252 1254 1256 1259
77 0 1254 1256 1259 1260
78 1 1271 1273 1275 1291
78 2 1273 1275 1291 1293
78 0 1273 1275 1277 1280
78 0 1275 1277 1280 1281
79 1 1291 1293 1295 1298
79 2 1293 1295 1298 1300
80 1 1298 1300 1302 1312
80 2 1300 1302 1312 1314
80 0 1300 1302 1304 1307
80 0 1302 1304 1307 1308
81 1 1312 1314 1316 1332
81 2 1314 1316 1332 1334
81 0 1314 1316 1318 1321
81 0 1316 1318 1321 1322
82 1 1332 1334 1336 1351
82 2 1334 1336 1351 1353
82 0 1334 1336 1338 1341
82 0 1336 1338 1341 1343
83 1 1351 1353 1355 1361
83 2 1353 1355 1361 1363
83 0 1353 1355 1357 1360
84 1 1361 1363 1365 1383
84 2 1363 1365 1383 1385
84 0 1363 1365 1367 1370
84 0 1365 1367 1370 1373
84 0 1367 1370 1373 1376
84 0 1370 1373 1376 1379
85 1 1383 1385 1387 1393
85 2 1385 1387 1393 1395
86 1 1393 1395 1397 1409
86 2 1395 1397 1409 1411
86 0 1395 1397 1399 1401
87 1 1409 1411 1413 1426
87 2 1411 1413 1426 1428
87 0 1411 1413 1415 1420
88 1 1426 1428 1430 1442
88 2 1428 1430 1442 1444
88 0 1428 1430 1432 1434
89 1 1442 1444 1446 1461
89 2 1444 1446 1461 1463
89 0 1444 1446 1448 1454
89 0 1446 1448 1454 1457
90 1 1461 1463 1465 1482
90 2 1463 1465 1482 1484
90 0 1463 1465 1467 1470
90 0 1465 1467 1470 1471
91 1 1482 1484 1486 1496
91 2 1484 1486 1496 1498
91 0 1484 1486 1488 1490
92 1 1496 1498 1500 1512
92 2 1498 1500 1512 1514
92 0 1498 1500 1502 1504
93 1 1512 1514 1516 1526
93 2 1514 1516 1526 1528
93 0 1514 1516 1518 1521
93 0 1516 1518 1521 1522
94 1 1526 1528 1530 1545
94 2 1528 1530 1545 1547
94 0 1528 1530 1532 1535
94 0 1530 1532 1535 1537
95 1 1545 1547 1549 1566
95 2 1547 1549 1566 1568
95 0 1547 1549 1551 1554
95 0 1549 1551 1554 1555
96 1 1566 1568 1570 1577
96 2 1568 1570 1577 1579
96 0 1568 1570 1572 1575
97 1 1577 1579 1581 1588
97 2 1579 1581 1588 1590
97 0 1579 1581 1583 1586
98 1 1588 1590 1592 1604
98 2 1590 1592 1604 1606
98 0 1590 1592 1594 1596
99 1 1604 1606 1608 1623
99 2 1606 1608 1623 1625
99 0 1606 1608 1610 1613
99 0 1608 1610 1613 1615
100 1 1623 1625 1627 1642
100 2 1625 1627 1642 1644
100 0 1625 1627 1629 1635
100 0 1627 1629 1635 1638
101 1 1642 1644 1646 1661
101 2 1644 1646 1661 1663
101 0 1644 1646 1648 1651
101 0 1646 1648 1651 1653
102 1 1661 1663 1665 1671
102 2 1663 1665 1671 1673
103 1 1671 1673 1675 1691
103 2 1673 1675 1691 1693
103 0 1673 1675 1677 1680
103 0 1675 1677 1680 1681
104 1 1691 1693 1695 1710
104 2 1693 1695 1710 1712
104 0 1693 1695 1697 1703
104 0 1695 1697 1703 1706
105 1 1710 1712 1714 1721
105 2 1712 1714 1721 1723
105 0 1712 1714 1716 1719
106 1 1721 1723 1725 1740
106 2 1723 1725 1740 1742
106 0 1723 1725 1727 1730
106 0 1725 1727 1730 1732
107 1 1740 1742 1744 1752
107 2 1742 1744 1752 1754
107 0 1742 1744 1746 1749
107 0 1744 1746 1749 1750
108 1 1752 1754 1756 1776
108 2 1754 1756 1776 1778
108 0 1754 1756 1758 1761
108 0 1756 1758 1761 1764
108 0 1758 1761 1764 1767
108 0 1761 1764 1767 1769
108 0 1764 1767 1769 1770
109 1 1776 1778 1780 1797
109 2 1778 1780 1797 1799
109 0 1778 1780 1782 1785
109 0 1780 1782 1785 1786
110 1 1797 1799 1801 1816
110 2 1799 1801 1816 1818
110 0 1799 1801 1803 1806
110 0 1801 1803 1806 1808
111 1 1816 1818 1820 1826
111 2 1818 1820 1826 1828
112 1 1826 1828 1830 1845
112 2 1828 1830 1845 1847
112 0 1828 1830 1832 1838
112 0 1830 1832 1838 1841
113 1 1845 1847 1849 1861
113 2 1847 1849 1861 1863
113 0 1847 1849 1851 1853
114 1 1861 1863 1865 1878
114 2 1863 1865 1878 1880
114 0 1863 1865 1867 1872
115 1 1878 1880 1882 1888
115 2 1880 1882 1888 1890
116 1 1888 1890 1892 1902
116 2 1890 1892 1902 1904
116 0 1890 1892 1894 1896
117 1 1902 1904 1906 1916
117 2 1904 1906 1916 1918
117 0 1904 1906 1908 1911
117 0 1906 1908 1911 1912
118 1 1916 1918 1920 1927
118 2 1918 1920 1927 1929
118 0 1918 1920 1922 1925
119 1 1927 1929 1931 1944
119 2 1929 1931 1944 1946
119 0 1929 1931 1933 1936
119 0 1931 1933 1936 1939
119 0 1933 1936 1939 1940
120 1 1944 1946 1948 1968
120 2 1946 1948 1968 1970
120 0 1946 1948 1950 1953
120 0 1948 1950 1953 1956
120 0 1950 1953 1956 1959
120 0 1953 1956 1959 1961
120 0 1956 1959 1961 1962
121 1 1968 1970 1974 1982
121 2 1970 1974 1982 1984
121 0 1970 1974 1976 1979
121 0 1971 1974 1976 1979
122 1 1982 1984 1986 2006
122 2 1984 1986 2006 2008
122 0 1984 1986 1988 1991
122 0 1986 1988 1991 1994
122 0 1988 1991 1994 1997
122 0 1991 1994 1997 1999
122 0 1994 1997 1999 2000
123 1 2006 2008 2010 2028
123 2 2008 2010 2028 2030
123 0 2008 2010 2012 2015
123 0 2010 2012 2015 2018
123 0 2012 2015 2018 2021
123 0 2015 2018 2021 2024
124 1 2028 2030 2032 2047
124 2 2030 2032 2047 2049
124 0 2030 2032 2034 2037
124 0 2032 2034 2037 2039
125 1 2047 2049 2051 2066
125 2 2049 2051 2066 2068
125 0 2049 2051 2053 2056
125 0 2051 2053 2056 2058
126 1 2066 2068 2070 2076
126 2 2068 2070 2076 2078
127 1 2076 2078 2080 2091
127 2 2078 2080 2091 2093
127 0 2078 2080 2082 2085
127 0 2080 2082 2085 2088
127 0 2082 2085 2088 2089
128 1 2091 2093 2095 2113
128 2 2093 2095 2113 2115
128 0 2093 2095 2097 2100
128 0 2095 2097 2100 2103
128 0 2097 2100 2103 2106
128 0 2100 2103 2106 2109
129 1 2113 2115 2117 2129
129 2 2115 2117 2129 2131
129 0 2115 2117 2119 2121
130 1 2129 2131 2133 2145
130 2 2131 2133 2145 2147
130 0 2131 2133 2135 2137
131 1 2145 2147 2149 2166
131 2 2147 2149 2166 2168
131 0 2147 2149 2151 2154
131 0 2149 2151 2154 2155
132 1 2166 2168 2170 2182
132 2 2168 2170 2182 2184
132 0 2168 2170 2172 2174
133 1 2182 2184 2186 2189
133 2 2184 2186 2189 2191
134 1 2189 2191 2193 2205
134 2 2191 2193 2205 2207
134 0 2191 2193 2195 2197
135 1 2205 2207 2209 2229
135 2 2207 2209 2229 2231
135 0 2207 2209 2211 2214
135 0 2209 2211 2214 2215
136 1 2229 2231 2233 2248
136 2 2231 2233 2248 2250
136 0 2231 2233 2235 2241
136 0 2233 2235 2241 2244
137 1 2248 2250 2254 2262
137 2 2250 2254 2262 2264
137 0 2250 2254 2256 2259
137 0 2251 2254 2256 2259
138 1 2262 2264 2266 2272
138 2 2264 2266 2272 2274
139 1 2272 2274 2276 2291
139 2 2274 2276 2291 2293
139 0 2274 2276 2278 2281
139 0 2276 2278 2281 2283
140 1 2291 2293 2295 2310
140 2 2293 2295 2310 2312
140 0 2293 2295 2297 2300
140 0 2295 2297 2300 2302
141 1 2310 2312 2314 2329
141 2 2312 2314 2329 2331
141 0 2312 2314 2316 2319
141 0 2314 2316 2319 2321
142 1 2329 2331 2333 2343
142 2 2331 2333 2343 2345
142 0 2331 2333 2335 2337
143 1 2343 2345 2347 2362
143 2 2345 2347 2362 2364
143 0 2345 2347 2349 2355
143 0 2347 2349 2355 2358
144 1 2362 2364 2368 2376
144 2 2364 2368 2376 2378
144 0 2364 2368 2370 2373
144 0 2365 2368 2370 2373
145 1 2376 2378 2380 2388
145 2 2378 2380 2388 2390
145 0 2378 2380 2382 2385
145 0 2380 2382 2385 2386
146 1 2388 2390 2392 2408
146 2 2390 2392 2408 2410
146 0 2390 2392 2394 2397
146 0 2392 2394 2397 2398
147 1 2408 2410 2412 2427
147 2 2410 2412 2427 2429
147 0 2410 2412 2414 2420
147 0 2412 2414 2420 2423
148 1 2427 2429 2431 2447
148 2 2429 2431 2447 2449
148 0 2429 2431 2433 2436
148 0 2431 2433 2436 2437
149 1 2447 2449 2451 2457
149 2 2449 2451 2457 2459
150 1 2457 2459 2461 2471
150 2 2459 2461 2471 2473
150 0 2459 2461 2463 2466
150 0 2461 2463 2466 2467
151 1 2471 2473 2475 2487
151 2 2473 2475 2487 2489
151 0 2473 2475 2477 2479
152 1 2487 2489 2491 2498
152 2 2489 2491 2498 2500
152 0 2489 2491 2493 2496
153 1 2498 2500 2502 2513
153 2 2500 2502 2513 2515
153 0 2500 2502 2504 2507
153 0 2502 2504 2507 2510
153 0 2504 2507 2510 2511
154 1 2513 2515 2517 2523
154 2 2515 2517 2523 2525
155 1 2523 2525 2527 2535
155 2 2525 2527 2535 2537
155 0 2525 2527 2529 2532
155 0 2527 2529 2532 2533
156 1 2535 2537 2539 2547
156 2 2537 2539 2547 2549
156 0 2537 2539 2541 2544
156 0 2539 2541 2544 2545
157 1 2547 2549 2551 2571
157 2 2549 2551 2571 2573
157 0 2549 2551 2553 2556
157 0 2551 2553 2556 2559
157 0 2553 2556 2559 2562
157 0 2556 2559 2562 2564
157 0 2559 2562 2564 2565
158 1 2571 2573 2575 2592
158 2 2573 2575 2592 2594
158 0 2573 2575 2577 2580
158 0 2575 2577 2580 2581
159 1 2592 2594 2596 2611
159 2 2594 2596 2611 2613
159 0 2594 2596 2598 2604
159 0 2596 2598 2604 2607
160 1 2611 2613 2615 2621
160 2 2613 2615 2621 2623
160 0 2613 2615 2617 2620
161 1 2621 2623 2625 2633
161 2 2623 2625 2633 2635
161 0 2623 2625 2627 2630
161 0 2625 2627 2630 2631
162 1 2633 2635 2637 2657
162 2 2635 2637 2657 2659
162 0 2635 2637 2639 2642
162 0 2637 2639 2642 2645
162 0 2639 2642 2645 2648
162 0 2642 2645 2648 2650
162 0 2645 2648 2650 2651
163 1 2657 2659 2661 2677
163 2 2659 2661 2677 2679
163 0 2659 2661 2663 2666
163 0 2661 2663 2666 2667
164 1 2677 2679 2681 2698
164 2 2679 2681 2698 2700
164 0 2679 2681 2683 2686
164 0 2681 2683 2686 2687
165 1 2698 2700 2704 2712
165 2 2700 2704 2712 2714
165 0 2700 2704 2706 2709
165 0 2701 2704 2706 2709
166 1 2712 2714 2716 2726
166 2 2714 2716 2726 2728
166 0 2714 2716 2718 2721
166 0 2716 2718 2721 2722
167 1 2726 2728 2730 2738
167 2 2728 2730 2738 2740
167 0 2728 2730 2732 2735
167 0 2730 2732 2735 2736
168 1 2738 2740 2742 2757
168 2 2740 2742 2757 2759
168 0 2740 2742 2744 2747
168 0 2742 2744 2747 2749
169 1 2757 2759 2761 2781
169 2 2759 2761 2781 2783
169 0 2759 2761 2763 2766
169 0 2761 2763 2766 2767
170 1 2781 2783 2785 2797
170 2 2783 2785 2797 2799
170 0 2783 2785 2787 2789
171 1 2797 2799 2801 2813
171 2 2799 2801 2813 2815
171 0 2799 2801 2803 2805
172 1 2813 2815 2817 2829
172 2 2815 2817 2829 2831
172 0 2815 2817 2819 2821
173 1 2829 2831 2833 2849
173 2 2831 2833 2849 2851
173 0 2831 2833 2835 2838
173 0 2833 2835 2838 2839
174 1 2849 2851 2853 2866
174 2 2851 2853 2866 2868
174 0 2851 2853 2855 2858
174 0 2853 2855 2858 2861
174 0 2855 2858 2861 2862
175 1 2866 2868 2870 2886
175 2 2868 2870 2886 2888
175 0 2868 2870 2872 2875
175 0 2870 2872 2875 2876
176 1 2886 2888 2890 2903
176 2 2888 2890 2903 2905
176 0 2888 2890 2892 2895
176 0 2890 2892 2895 2898
176 0 2892 2895 2898 2899
177 1 2903 2905 2907 2920
177 2 2905 2907 2920 2922
177 0 2905 2907 2909 2914
178 1 2920 2922 2924 2939
178 2 2922 2924 2939 2941
178 0 2922 2924 2926 2932
178 0 2924 2926 2932 2935
179 1 2939 2941 2943 2956
179 2 2941 2943 2956 2958
179 0 2941 2943 2945 2948
179 0 2943 2945 2948 2951
179 0 2945 2948 2951 2952
180 1 2956 2958 2960 2972
180 2 2958 2960 2972 2974
180 0 2958 2960 2962 2964
181 1 2972 2974 2976 2979
181 2 2974 2976 2979 2981
182 1 2979 2981 2983 2998
182 2 2981 2983 2998 3000
182 0 2981 2983 2985 2988
182 0 2983 2985 2988 2990
183 1 2998 3000 3002 3017
183 2 3000 3002 3017 3019
183 0 3000 3002 3004 3010
183 0 3002 3004 3010 3013
184 1 3017 3019 3021 3036
184 2 3019 3021 3036 3038
184 0 3019 3021 3023 3026
184 0 3021 3023 3026 3028
185 1 3036 3038 3042 3050
185 2 3038 3042 3050 3052
185 0 3038 3042 3044 3047
185 0 3039 3042 3044 3047
186 1 3050 3052 3054 3057
186 2 3052 3054 3057 3059
187 1 3057 3059 3061 3076
187 2 3059 3061 3076 3078
187 0 3059 3061 3063 3069
187 0 3061 3063 3069 3072
188 1 3076 3078 3080 3092
188 2 3078 3080 3092 3094
188 0 3078 3080 3082 3084
189 1 3092 3094 3096 3111
189 2 3094 3096 3111 3113
189 0 3094 3096 3098 3104
189 0 3096 3098 3104 3107
190 1 3111 3113 3115 3130
190 2 3113 3115 3130 3132
190 0 3113 3115 3117 3120
190 0 3115 3117 3120 3122
191 1 3130 3132 3134 3141
191 2 3132 3134 3141 3143
191 0 3132 3134 3136 3139
192 1 3141 3143 3145 3152
192 2 3143 3145 3152 3154
192 0 3143 3145 3147 3150
193 1 3152 3154 3156 3173
193 2 3154 3156 3173 3175
193 0 3154 3156 3158 3161
193 0 3156 3158 3161 3162
194 1 3173 3175 3177 3184
194 2 3175 3177 3184 3186
194 0 3175 3177 3179 3182
195 1 3184 3186 3188 3203
195 2 3186 3188 3203 3205
195 0 3186 3188 3190 3196
195 0 3188 3190 3196 3199
196 1 3203 3205 3207 3222
196 2 3205 3207 3222 3224
196 0 3205 3207 3209 3215
196 0 3207 3209 3215 3218
197 1 3222 3224 3226 3241
197 2 3224 3226 3241 3243
197 0 3224 3226 3228 3234
197 0 3226 3228 3234 3237
198 1 3241 3243 3245 3252
198 2 3243 3245 3252 3254
198 0 3243 3245 3247 3250
199 1 3252 3254 3256 3274
199 2 3254 3256 3274 3276
199 0 3254 3256 3258 3261
199 0 3256 3258 3261 3264
199 0 3258 3261 3264 3267
199 0 3261 3264 3267 3270
200 1 3274 3276 3278 3293
200 2 3276 3278 3293 3295
200 0 3276 3278 3280 3283
200 0 3278 3280 3283 3285
201 1 3293 3295 3297 3304
201 2 3295 3297 3304 3306
201 0 3295 3297 3299 3302
202 1 3304 3306 3308 3321
202 2 3306 3308 3321 3323
202 0 3306 3308 3310 3315
203 1 3321 3323 3325 3332
203 2 3323 3325 3332 3334
203 0 3323 3325 3327 3330
204 1 3332 3334 3336 3354
204 2 3334 3336 3354 3356
204 0 3334 3336 3338 3341
204 0 3336 3338 3341 3344
204 0 3338 3341 3344 3347
204 0 3341 3344 3347 3350
205 1 3354 3356 3358 3361
205 2 3356 3358 3361 3363
206 1 3361 3363 3365 3378
206 2 3363 3365 3378 3380
206 0 3363 3365 3367 3372
207 1 3378 3380 3382 3395
207 2 3380 3382 3395 3397
207 0 3380 3382 3384 3387
207 0 3382 3384 3387 3390
207 0 3384 3387 3390 3391
208 1 3395 3397 3399 3417
208 2 3397 3399 3417 3419
208 0 3397 3399 3401 3404
208 0 3399 3401 3404 3407
208 0 3401 3404 3407 3410
208 0 3404 3407 3410 3413
209 1 3417 3419 3421 3441
209 2 3419 3421 3441 3443
209 0 3419 3421 3423 3426
209 0 3421 3423 3426 3429
209 0 3423 3426 3429 3432
209 0 3426 3429 3432 3434
209 0 3429 3432 3434 3435
210 1 3441 3443 3445 3463
210 2 3443 3445 3463 3465
210 0 3443 3445 3447 3450
210 0 3445 3447 3450 3453
210 0 3447 3450 3453 3456
210 0 3450 3453 3456 3459
211 1 3463 3465 3467 3473
211 2 3465 3467 3473 3475
212 1 3473 3475 3477 3492
212 2 3475 3477 3492 3494
212 0 3475 3477 3479 3482
212 0 3477 3479 3482 3484
213 1 3492 3494 3496 3514
213 2 3494 3496 3514 3516
213 0 3494 3496 3498 3501
213 0 3496 3498 3501 3504
213 0 3498 3501 3504 3507
213 0 3501 3504 3507 3510
214 1 3514 3516 3518 3528
214 2 3516 3518 3528 3530
214 0 3516 3518 3520 3522
215 1 3528 3530 3532 3542
215 2 3530 3532 3542 3544
215 0 3530 3532 3534 3536
216 1 3542 3544 3546 3558
216 2 3544 3546 3558 3560
216 0 3544 3546 3548 3550
217 1 3558 3560 3562 3577
217 2 3560 3562 3577 3579
217 0 3560 3562 3564 3570
217 0 3562 3564 3570 3573
218 1 3577 3579 3581 3596
218 2 3579 3581 3596 3598
218 0 3579 3581 3583 3586
218 0 3581 3583 3586 3588
219 1 3596 3598 3600 3615
219 2 3598 3600 3615 3617
219 0 3598 3600 3602 3608
219 0 3600 3602 3608 3611
220 1 3615 3617 3619 3634
220 2 3617 3619 3634 3636
220 0 3617 3619 3621 3624
220 0 3619 3621 3624 3626
221 1 3634 3636 3638 3644
221 2 3636 3638 3644 3646
222 1 3644 3646 3648 3664
222 2 3646 3648 3664 3666
222 0 3646 3648 3650 3653
222 0 3648 3650 3653 3654
223 1 3664 3666 3668 3684
223 2 3666 3668 3684 3686
223 0 3666 3668 3670 3673
223 0 3668 3670 3673 3674
224 1 3684 3686 3688 3694
224 2 3686 3688 3694 3696
225 1 3694 3696 3698 3705
225 2 3696 3698 3705 3707
225 0 3696 3698 3700 3703
226 1 3705 3707 3709 3729
226 2 3707 3709 3729 3731
226 0 3707 3709 3711 3714
226 0 3709 3711 3714 3715
227 1 3729 3731 3733 3748
227 2 3731 3733 3748 3750
227 0 3731 3733 3735 3738
227 0 3733 3735 3738 3740
228 1 3748 3750 3754 3762
228 2 3750 3754 3762 3764
228 0 3750 3754 3756 3759
228 0 3751 3754 3756 3759
229 1 3762 3764 3766 3783
229 2 3764 3766 3783 3785
229 0 3764 3766 3768 3771
229 0 3766 3768 3771 3772
230 1 3783 3785 3787 3804
230 2 3785 3787 3804 3806
230 0 3785 3787 3789 3792
230 0 3787 3789 3792 3793
231 1 3804 3806 3808 3823
231 2 3806 3808 3823 3825
231 0 3806 3808 3810 3816
231 0 3808 3810 3816 3819
232 1 3823 3825 3827 3830
232 2 3825 3827 3830 3832
233 1 3830 3832 3834 3849
233 2 3832 3834 3849 3851
233 0 3832 3834 3836 3842
233 0 3834 3836 3842 3845
234 1 3849 3851 3853 3860
234 2 3851 3853 3860 3862
234 0 3851 3853 3855 3858
235 1 3860 3862 3864 3879
235 2 3862 3864 3879 3881
235 0 3862 3864 3866 3872
235 0 3864 3866 3872 3875
236 1 3879 3881 3883 3891
236 2 3881 3883 3891 3893
236 0 3881 3883 3885 3888
236 0 3883 3885 3888 3889
237 1 3891 3893 3895 3902
237 2 3893 3895 3902 3904
237 0 3893 3895 3897 3900
238 1 3902 3904 3906 3922
238 2 3904 3906 3922 3924
238 0 3904 3906 3908 3911
238 0 3906 3908 3911 3912
239 1 3922 3924 3926 3941
239 2 3924 3926 3941 3943
239 0 3924 3926 3928 3934
239 0 3926 3928 3934 3937
240 1 3941 3943 3945 3960
240 2 3943 3945 3960 3962
240 0 3943 3945 3947 3950
240 0 3945 3947 3950 3952
241 1 3960 3962 3964 3979
241 2 3962 3964 3979 3981
241 0 3962 3964 3966 3969
241 0 3964 3966 3969 3971
242 1 3979 3981 3983 3994
242 2 3981 3983 3994 3996
242 0 3981 3983 3985 3988
242 0 3983 3985 3988 3991
242 0 3985 3988 3991 3992
243 1 3994 3996 3998 4013
243 2 3996 3998 4013 4015
243 0 3996 3998 4000 4006
243 0 3998 4000 4006 4009
244 1 4013 4015 4017 4032
244 2 4015 4017 4032 4034
244 0 4015 4017 4019 4025
244 0 4017 4019 4025 4028
245 1 4032 4034 4036 4054
245 2 4034 4036 4054 4056
245 0 4034 4036 4038 4041
245 0 4036 4038 4041 4044
245 0 4038 4041 4044 4047
245 0 4041 4044 4047 4050
246 1 4054 4056 4058 4071
246 2 4056 4058 4071 4073
246 0 4056 4058 4060 4063
246 0 4058 4060 4063 4066
246 0 4060 4063 4066 4067
247 1 4071 4073 4075 4078
247 2 4073 4075 4078 4080
248 1 4078 4080 4082 4088
248 2 4080 4082 4088 4090
248 0 4080 4082 4084 4087
249 1 4088 4090 4092 4103
249 2 4090 4092 4103 4105
249 0 4090 4092 4094 4097
249 0 4092 4094 4097 4100
249 0 4094 4097 4100 4101
250 1 4103 4105 4107 4123
250 2 4105 4107 4123 4125
250 0 4105 4107 4109 4112
250 0 4107 4109 4112 4113
251 1 4123 4125 4127 4138
251 2 4125 4127 4138 4140
251 0 4125 4127 4129 4132
251 0 4127 4129 4132 4135
251 0 4129 4132 4135 4136
252 1 4138 4140 4142 4152
252 2 4140 4142 4152 4154
252 0 4140 4142 4144 4147
252 0 4142 4144 4147 4148
253 1 4152 4154 4156 4166
253 2 4154 4156 4166 4168
253 0 4154 4156 4158 4160
254 1 4166 4168 4170 4182
254 2 4168 4170 4182 4184
254 0 4168 4170 4172 4174
255 1 4182 4184 4186 4199
255 2 4184 4186 4199 4201
255 0 4184 4186 4188 4193
256 1 4199 4201 4203 4221
256 2 4201 4203 4221 4223
256 0 4201 4203 4205 4208
256 0 4203 4205 4208 4211
256 0 4205 4208 4211 4214
256 0 4208 4211 4214 4217
257 1 4221 4223 4225 4245
257 2 4223 4225 4245 4247
257 0 4223 4225 4227 4230
257 0 4225 4227 4230 4231
258 1 4245 4247 4249 4264
258 2 4247 4249 4264 4266
258 0 4247 4249 4251 4257
258 0 4249 4251 4257 4260
259 1 4264 4266 4268 4275
259 2 4266 4268 4275 4277
259 0 4266 4268 4270 4273
260 1 4275 4277 4279 4294
260 2 4277 4279 4294 4296
260 0 4277 4279 4281 4287
260 0 4279 4281 4287 4290
261 1 4294 4296 4298 4308
261 2 4296 4298 4308 4310
261 0 4296 4298 4300 4302
262 1 4308 4310 4312 4323
262 2 4310 4312 4323 4325
262 0 4310 4312 4314 4317
262 0 4312 4314 4317 4320
262 0 4314 4317 4320 4321
263 1 4323 4325 4327 4333
263 2 4325 4327 4333 4335
264 1 4333 4335 4337 4352
264 2 4335 4337 4352 4354
264 0 4335 4337 4339 4342
264 0 4337 4339 4342 4344
265 1 4352 4354 4356 4362
265 2 4354 4356 4362 4364
266 1 4362 4364 4366 4382
266 2 4364 4366 4382 4384
266 0 4364 4366 4368 4371
266 0 4366 4368 4371 4372
267 1 4382 4384 4386 4402
267 2 4384 4386 4402 4404
267 0 4384 4386 4388 4391
267 0 4386 4388 4391 4392
268 1 4402 4404 4406 4419
268 2 4404 4406 4419 4421
268 0 4404 4406 4408 4413
269 1 4419 4421 4423 4430
269 2 4421 4423 4430 4432
269 0 4421 4423 4425 4428
270 1 4430 4432 4434 4441
270 2 4432 4434 4441 4443
270 0 4432 4434 4436 4439
271 1 4441 4443 4445 4460
271 2 4443 4445 4460 4462
271 0 4443 4445 4447 4450
271 0 4445 4447 4450 4452
272 1 4460 4462 4464 4474
272 2 4462 4464 4474 4476
272 0 4462 4464 4466 4469
272 0 4464 4466 4469 4470
273 1 4474 4476 4480 4488
273 2 4476 4480 4488 4490
273 0 4476 4480 4482 4485
273 0 4477 4480 4482 4485
274 1 4488 4490 4492 4507
274 2 4490 4492 4507 4509
274 0 4490 4492 4494 4500
274 0 4492 4494 4500 4503
275 1 4507 4509 4511 4526
275 2 4509 4511 4526 4528
275 0 4509 4511 4513 4516
275 0 4511 4513 4516 4518
276 1 4526 4528 4530 4547
276 2 4528 4530 4547 4549
276 0 4528 4530 4532 4535
276 0 4530 4532 4535 4536
277 1 4547 4549 4551 4557
278 2 4560 4564 4582 4584
278 0 4560 4564 4566 4569
278 0 4564 4566 4569 4572
278 0 4566 4569 4572 4575
278 0 4569 4572 4575 4578
279 1 4582 4584 4588 4596
279 2 4584 4588 4596 4598
279 0 4584 4588 4590 4593
279 0 4585 4588 4590 4593
280 1 4596 4598 4600 4612
280 2 4598 4600 4612 4614
280 0 4598 4600 4602 4604
281 1 4612 4614 4616 4623
281 2 4614 4616 4623 4625
281 0 4614 4616 4618 4621
282 1 4623 4625 4627 4642
282 2 4625 4627 4642 4644
282 0 4625 4627 4629 4632
282 0 4627 4629 4632 4634
283 1 4642 4644 4646 4653
283 2 4644 4646 4653 4655
283 0 4644 4646 4648 4651
284 1 4653 4655 4657 4674
284 2 4655 4657 4674 4676
284 0 4655 4657 4659 4662
284 0 4657 4659 4662 4663
285 1 4674 4676 4678 4698
285 2 4676 4678 4698 4700
285 0 4676 4678 4680 4683
285 0 4678 4680 4683 4686
285 0 4680 4683 4686 4689
285 0 4683 4686 4689 4691
285 0 4686 4689 4691 4692
286 1 4698 4700 4702 4709
286 2 4700 4702 4709 4711
286 0 4700 4702 4704 4707
287 1 4709 4711 4715 4723
287 2 4711 4715 4723 4725
287 0 4711 4715 4717 4720
287 0 4712 4715 4717 4720
288 1 4723 4725 4727 4734
288 0 4725 4727 4729 4732
