1 2 7 15
1 0 7 9
1 0 7 9
2 1 17 19
2 2 19 25
2 0 19 21
3 1 27 29
3 2 29 45
3 0 29 31
3 0 31 34
4 1 47 49
4 2 49 69
4 0 49 51
4 0 51 54
4 0 54 57
4 0 57 60
4 0 60 62
5 1 71 73
5 2 73 84
5 0 73 75
5 0 75 78
5 0 78 81
6 1 86 88
6 2 88 99
6 0 88 90
6 0 90 93
6 0 93 96
7 1 101 103
7 2 103 113
7 0 103 105
7 0 105 108
8 1 115 117
8 2 117 123
9 1 125 127
9 2 127 137
9 0 127 129
9 0 129 132
10 1 139 141
10 2 141 157
10 0 141 143
10 0 143 146
11 1 159 161
11 2 161 171
11 0 161 163
11 0 163 166
12 1 173 175
12 2 175 193
12 0 175 177
12 0 177 180
12 0 180 183
12 0 183 186
13 1 195 197
13 2 197 212
13 0 197 199
13 0 199 205
14 1 214 216
14 2 216 232
14 0 216 218
14 0 218 221
15 1 234 236
15 2 236 251
15 0 236 238
15 0 238 241
16 1 253 257
16 2 257 265
16 0 257 259
16 0 257 259
17 1 267 269
17 2 269 279
17 0 269 271
18 1 281 283
18 2 283 298
18 0 283 285
18 0 285 291
19 1 300 302
19 2 302 319
19 0 302 304
19 0 304 307
20 1 321 323
20 2 323 330
20 0 323 325
21 1 332 334
21 2 334 349
21 0 334 336
21 0 336 342
22 1 351 353
22 2 353 368
22 0 353 355
22 0 355 361
23 1 370 372
23 2 372 388
23 0 372 374
23 0 374 377
24 1 390 392
24 2 392 407
24 0 392 394
24 0 394 397
25 1 409 411
25 2 411 421
25 0 411 413
26 1 423 425
26 2 425 428
27 1 430 432
27 2 432 447
27 0 432 434
27 0 434 440
28 1 449 451
28 2 451 463
28 0 451 453
29 1 465 467
29 2 467 470
30 1 472 474
30 2 474 484
30 0 474 476
30 0 476 479
31 1 486 488
31 2 488 491
32 1 493 495
32 2 495 510
32 0 495 497
32 0 497 500
33 1 512 514
33 2 514 526
33 0 514 516
34 1 528 530
34 2 530 545
34 0 530 532
34 0 532 538
35 1 547 549
35 2 549 564
35 0 549 551
35 0 551 554
36 1 566 568
36 2 568 580
36 0 568 570
37 1 582 584
37 2 584 597
37 0 584 586
37 0 586 589
37 0 589 592
38 1 599 601
38 2 601 604
39 1 606 608
39 2 608 625
39 0 608 610
39 0 610 613
40 1 627 629
40 2 629 642
40 0 629 631
40 0 631 634
40 0 634 637
41 1 644 646
41 2 646 664
41 0 646 648
41 0 648 651
41 0 651 654
41 0 654 657
42 1 666 668
42 2 668 686
42 0 668 670
42 0 670 673
42 0 673 676
42 0 676 679
43 1 688 690
43 2 690 705
43 0 690 692
43 0 692 695
44 1 707 709
44 2 709 729
44 0 709 711
44 0 711 714
44 0 714 717
44 0 717 720
44 0 720 722
45 1 731 733
45 2 733 740
45 0 733 735
46 1 742 744
46 2 744 757
46 0 744 746
46 0 746 749
46 0 749 752
47 1 759 761
47 2 761 771
47 0 761 763
48 1 773 775
48 2 775 783
48 0 775 777
48 0 777 780
49 1 785 787
49 2 787 805
49 0 787 789
49 0 789 792
49 0 792 795
49 0 795 798
50 1 807 809
50 2 809 826
50 0 809 811
50 0 811 814
51 1 828 830
51 2 830 850
51 0 830 832
51 0 832 835
51 0 835 838
51 0 838 841
51 0 841 843
52 1 852 854
52 2 854 869
52 0 854 856
52 0 856 859
53 1 871 873
53 2 873 886
53 0 873 875
54 1 888 890
54 2 890 905
54 0 890 892
54 0 892 895
55 1 907 909
55 2 909 916
55 0 909 911
56 1 918 920
56 2 920 932
56 0 920 922
57 1 934 936
57 2 936 942
58 1 944 946
58 2 946 954
58 0 946 948
58 0 948 951
59 1 956 958
59 2 958 973
59 0 958 960
59 0 960 963
60 1 975 977
60 2 977 992
60 0 977 979
60 0 979 982
61 1 994 996
61 2 996 1012
61 0 996 998
61 0 998 1001
62 1 1014 1016
62 2 1016 1028
62 0 1016 1018
63 1 1030 1032
63 2 1032 1047
63 0 1032 1034
63 0 1034 1040
64 1 1049 1051
64 2 1051 1061
64 0 1051 1053
65 1 1063 1065
65 2 1065 1080
65 0 1065 1067
65 0 1067 1070
66 1 1082 1086
66 2 1086 1094
66 0 1086 1088
66 0 1086 1088
67 1 1096 1098
67 2 1098 1114
67 0 1098 1100
67 0 1100 1103
68 1 1116 1118
68 2 1118 1138
68 0 1118 1120
68 0 1120 1123
69 1 1140 1142
69 2 1142 1148
70 1 1150 1152
70 2 1152 1164
70 0 1152 1154
71 1 1166 1168
71 2 1168 1176
71 0 1168 1170
71 0 1170 1173
72 1 1178 1180
72 2 1180 1186
73 1 1188 1190
73 2 1190 1202
73 0 1190 1192
74 1 1204 1206
74 2 1206 1212
75 1 1214 1216
75 2 1216 1226
75 0 1216 1218
75 0 1218 1221
76 1 1228 1230
76 2 1230 1250
76 0 1230 1232
76 0 1232 1235
77 1 1252 1254
77 2 1254 1271
77 0 1254 1256
77 0 1256 1259
78 1 1273 1275
78 2 1275 1291
78 0 1275 1277
78 0 1277 1280
79 1 1293 1295
79 2 1295 1298
80 1 1300 1302
80 2 1302 1312
80 0 1302 1304
80 0 1304 1307
81 1 1314 1316
81 2 1316 1332
81 0 1316 1318
81 0 1318 1321
82 1 1334 1336
82 2 1336 1351
82 0 1336 1338
82 0 1338 1341
83 1 1353 1355
83 2 1355 1361
83 0 1355 1357
84 1 1363 1365
84 2 1365 1383
84 0 1365 1367
84 0 1367 1370
84 0 1370 1373
84 0 1373 1376
85 1 1385 1387
85 2 1387 1393
86 1 1395 1397
86 2 1397 1409
86 0 1397 1399
87 1 1411 1413
87 2 1413 1426
87 0 1413 1415
88 1 1428 1430
88 2 1430 1442
88 0 1430 1432
89 1 1444 1446
89 2 1446 1461
89 0 1446 1448
89 0 1448 1454
90 1 1463 1465
90 2 1465 1482
90 0 1465 1467
90 0 1467 1470
91 1 1484 1486
91 2 1486 1496
91 0 1486 1488
92 1 1498 1500
92 2 1500 1512
92 0 1500 1502
93 1 1514 1516
93 2 1516 1526
93 0 1516 1518
93 0 1518 1521
94 1 1528 1530
94 2 1530 1545
94 0 1530 1532
94 0 1532 1535
95 1 1547 1549
95 2 1549 1566
95 0 1549 1551
95 0 1551 1554
96 1 1568 1570
96 2 1570 1577
96 0 1570 1572
97 1 1579 1581
97 2 1581 1588
97 0 1581 1583
98 1 1590 1592
98 2 1592 1604
98 0 1592 1594
99 1 1606 1608
99 2 1608 1623
99 0 1608 1610
99 0 1610 1613
100 1 1625 1627
100 2 1627 1642
100 0 1627 1629
100 0 1629 1635
101 1 1644 1646
101 2 1646 1661
101 0 1646 1648
101 0 1648 1651
102 1 1663 1665
102 2 1665 1671
103 1 1673 1675
103 2 1675 1691
103 0 1675 1677
103 0 1677 1680
104 1 1693 1695
104 2 1695 1710
104 0 1695 1697
104 0 1697 1703
105 1 1712 1714
105 2 1714 1721
105 0 1714 1716
106 1 1723 1725
106 2 1725 1740
106 0 1725 1727
106 0 1727 1730
107 1 1742 1744
107 2 1744 1752
107 0 1744 1746
107 0 1746 1749
108 1 1754 1756
108 2 1756 1776
108 0 1756 1758
108 0 1758 1761
108 0 1761 1764
108 0 1764 1767
108 0 1767 1769
109 1 1778 1780
109 2 1780 1797
109 0 1780 1782
109 0 1782 1785
110 1 1799 1801
110 2 1801 1816
110 0 1801 1803
110 0 1803 1806
111 1 1818 1820
111 2 1820 1826
112 1 1828 1830
112 2 1830 1845
112 0 1830 1832
112 0 1832 1838
113 1 1847 1849
113 2 1849 1861
113 0 1849 1851
114 1 1863 1865
114 2 1865 1878
114 0 1865 1867
115 1 1880 1882
115 2 1882 1888
116 1 1890 1892
116 2 1892 1902
116 0 1892 1894
117 1 1904 1906
117 2 1906 1916
117 0 1906 1908
117 0 1908 1911
118 1 1918 1920
118 2 1920 1927
118 0 1920 1922
119 1 1929 1931
119 2 1931 1944
119 0 1931 1933
119 0 1933 1936
119 0 1936 1939
120 1 1946 1948
120 2 1948 1968
120 0 1948 1950
120 0 1950 1953
120 0 1953 1956
120 0 1956 1959
120 0 1959 1961
121 1 1970 1974
121 2 1974 1982
121 0 1974 1976
121 0 1974 1976
122 1 1984 1986
122 2 1986 2006
122 0 1986 1988
122 0 1988 1991
122 0 1991 1994
122 0 1994 1997
122 0 1997 1999
123 1 2008 2010
123 2 2010 2028
123 0 2010 2012
123 0 2012 2015
123 0 2015 2018
123 0 2018 2021
124 1 2030 2032
124 2 2032 2047
124 0 2032 2034
124 0 2034 2037
125 1 2049 2051
125 2 2051 2066
125 0 2051 2053
125 0 2053 2056
126 1 2068 2070
126 2 2070 2076
127 1 2078 2080
127 2 2080 2091
127 0 2080 2082
127 0 2082 2085
127 0 2085 2088
128 1 2093 2095
128 2 2095 2113
128 0 2095 2097
128 0 2097 2100
128 0 2100 2103
128 0 2103 2106
129 1 2115 2117
129 2 2117 2129
129 0 2117 2119
130 1 2131 2133
130 2 2133 2145
130 0 2133 2135
131 1 2147 2149
131 2 2149 2166
131 0 2149 2151
131 0 2151 2154
132 1 2168 2170
132 2 2170 2182
132 0 2170 2172
133 1 2184 2186
133 2 2186 2189
134 1 2191 2193
134 2 2193 2205
134 0 2193 2195
135 1 2207 2209
135 2 2209 2229
135 0 2209 2211
135 0 2211 2214
136 1 2231 2233
136 2 2233 2248
136 0 2233 2235
136 0 2235 2241
137 1 2250 2254
137 2 2254 2262
137 0 2254 2256
137 0 2254 2256
138 1 2264 2266
138 2 2266 2272
139 1 2274 2276
139 2 2276 2291
139 0 2276 2278
139 0 2278 2281
140 1 2293 2295
140 2 2295 2310
140 0 2295 2297
140 0 2297 2300
141 1 2312 2314
141 2 2314 2329
141 0 2314 2316
141 0 2316 2319
142 1 2331 2333
142 2 2333 2343
142 0 2333 2335
143 1 2345 2347
143 2 2347 2362
143 0 2347 2349
143 0 2349 2355
144 1 2364 2368
144 2 2368 2376
144 0 2368 2370
144 0 2368 2370
145 1 2378 2380
145 2 2380 2388
145 0 2380 2382
145 0 2382 2385
146 1 2390 2392
146 2 2392 2408
146 0 2392 2394
146 0 2394 2397
147 1 2410 2412
147 2 2412 2427
147 0 2412 2414
147 0 2414 2420
148 1 2429 2431
148 2 2431 2447
148 0 2431 2433
148 0 2433 2436
149 1 2449 2451
149 2 2451 2457
150 1 2459 2461
150 2 2461 2471
150 0 2461 2463
150 0 2463 2466
151 1 2473 2475
151 2 2475 2487
151 0 2475 2477
152 1 2489 2491
152 2 2491 2498
152 0 2491 2493
153 1 2500 2502
153 2 2502 2513
153 0 2502 2504
153 0 2504 2507
153 0 2507 2510
154 1 2515 2517
154 2 2517 2523
155 1 2525 2527
155 2 2527 2535
155 0 2527 2529
155 0 2529 2532
156 1 2537 2539
156 2 2539 2547
156 0 2539 2541
156 0 2541 2544
157 1 2549 2551
157 2 2551 2571
157 0 2551 2553
157 0 2553 2556
157 0 2556 2559
157 0 2559 2562
157 0 2562 2564
158 1 2573 2575
158 2 2575 2592
158 0 2575 2577
158 0 2577 2580
159 1 2594 2596
159 2 2596 2611
159 0 2596 2598
159 0 2598 2604
160 1 2613 2615
160 2 2615 2621
160 0 2615 2617
161 1 2623 2625
161 2 2625 2633
161 0 2625 2627
161 0 2627 2630
162 1 2635 2637
162 2 2637 2657
162 0 2637 2639
162 0 2639 2642
162 0 2642 2645
162 0 2645 2648
162 0 2648 2650
163 1 2659 2661
163 2 2661 2677
163 0 2661 2663
163 0 2663 2666
164 1 2679 2681
164 2 2681 2698
164 0 2681 2683
164 0 2683 2686
165 1 2700 2704
165 2 2704 2712
165 0 2704 2706
165 0 2704 2706
166 1 2714 2716
166 2 2716 2726
166 0 2716 2718
166 0 2718 2721
167 1 2728 2730
167 2 2730 2738
167 0 2730 2732
167 0 2732 2735
168 1 2740 2742
168 2 2742 2757
168 0 2742 2744
168 0 2744 2747
169 1 2759 2761
169 2 2761 2781
169 0 2761 2763
169 0 2763 2766
170 1 2783 2785
170 2 2785 2797
170 0 2785 2787
171 1 2799 2801
171 2 2801 2813
171 0 2801 2803
172 1 2815 2817
172 2 2817 2829
172 0 2817 2819
173 1 2831 2833
173 2 2833 2849
173 0 2833 2835
173 0 2835 2838
174 1 2851 2853
174 2 2853 2866
174 0 2853 2855
174 0 2855 2858
174 0 2858 2861
175 1 2868 2870
175 2 2870 2886
175 0 2870 2872
175 0 2872 2875
176 1 2888 2890
176 2 2890 2903
176 0 2890 2892
176 0 2892 2895
176 0 2895 2898
177 1 2905 2907
177 2 2907 2920
177 0 2907 2909
178 1 2922 2924
178 2 2924 2939
178 0 2924 2926
178 0 2926 2932
179 1 2941 2943
179 2 2943 2956
179 0 2943 2945
179 0 2945 2948
179 0 2948 2951
180 1 2958 2960
180 2 2960 2972
180 0 2960 2962
181 1 2974 2976
181 2 2976 2979
182 1 2981 2983
182 2 2983 2998
182 0 2983 2985
182 0 2985 2988
183 1 3000 3002
183 2 3002 3017
183 0 3002 3004
183 0 3004 3010
184 1 3019 3021
184 2 3021 3036
184 0 3021 3023
184 0 3023 3026
185 1 3038 3042
185 2 3042 3050
185 0 3042 3044
185 0 3042 3044
186 1 3052 3054
186 2 3054 3057
187 1 3059 3061
187 2 3061 3076
187 0 3061 3063
187 0 3063 3069
188 1 3078 3080
188 2 3080 3092
188 0 3080 3082
189 1 3094 3096
189 2 3096 3111
189 0 3096 3098
189 0 3098 3104
190 1 3113 3115
190 2 3115 3130
190 0 3115 3117
190 0 3117 3120
191 1 3132 3134
191 2 3134 3141
191 0 3134 3136
192 1 3143 3145
192 2 3145 3152
192 0 3145 3147
193 1 3154 3156
193 2 3156 3173
193 0 3156 3158
193 0 3158 3161
194 1 3175 3177
194 2 3177 3184
194 0 3177 3179
195 1 3186 3188
195 2 3188 3203
195 0 3188 3190
195 0 3190 3196
196 1 3205 3207
196 2 3207 3222
196 0 3207 3209
196 0 3209 3215
197 1 3224 3226
197 2 3226 3241
197 0 3226 3228
197 0 3228 3234
198 1 3243 3245
198 2 3245 3252
198 0 3245 3247
199 1 3254 3256
199 2 3256 3274
199 0 3256 3258
199 0 3258 3261
199 0 3261 3264
199 0 3264 3267
200 1 3276 3278
200 2 3278 3293
200 0 3278 3280
200 0 3280 3283
201 1 3295 3297
201 2 3297 3304
201 0 3297 3299
202 1 3306 3308
202 2 3308 3321
202 0 3308 3310
203 1 3323 3325
203 2 3325 3332
203 0 3325 3327
204 1 3334 3336
204 2 3336 3354
204 0 3336 3338
204 0 3338 3341
204 0 3341 3344
204 0 3344 3347
205 1 3356 3358
205 2 3358 3361
206 1 3363 3365
206 2 3365 3378
206 0 3365 3367
207 1 3380 3382
207 2 3382 3395
207 0 3382 3384
207 0 3384 3387
207 0 3387 3390
208 1 3397 3399
208 2 3399 3417
208 0 3399 3401
208 0 3401 3404
208 0 3404 3407
208 0 3407 3410
209 1 3419 3421
209 2 3421 3441
209 0 3421 3423
209 0 3423 3426
209 0 3426 3429
209 0 3429 3432
209 0 3432 3434
210 1 3443 3445
210 2 3445 3463
210 0 3445 3447
210 0 3447 3450
210 0 3450 3453
210 0 3453 3456
211 1 3465 3467
211 2 3467 3473
212 1 3475 3477
212 2 3477 3492
212 0 3477 3479
212 0 3479 3482
213 1 3494 3496
213 2 3496 3514
213 0 3496 3498
213 0 3498 3501
213 0 3501 3504
213 0 3504 3507
214 1 3516 3518
214 2 3518 3528
214 0 3518 3520
215 1 3530 3532
215 2 3532 3542
215 0 3532 3534
216 1 3544 3546
216 2 3546 3558
216 0 3546 3548
217 1 3560 3562
217 2 3562 3577
217 0 3562 3564
217 0 3564 3570
218 1 3579 3581
218 2 3581 3596
218 0 3581 3583
218 0 3583 3586
219 1 3598 3600
219 2 3600 3615
219 0 3600 3602
219 0 3602 3608
220 1 3617 3619
220 2 3619 3634
220 0 3619 3621
220 0 3621 3624
221 1 3636 3638
221 2 3638 3644
222 1 3646 3648
222 2 3648 3664
222 0 3648 3650
222 0 3650 3653
223 1 3666 3668
223 2 3668 3684
223 0 3668 3670
223 0 3670 3673
224 1 3686 3688
224 2 3688 3694
225 1 3696 3698
225 2 3698 3705
225 0 3698 3700
226 1 3707 3709
226 2 3709 3729
226 0 3709 3711
226 0 3711 3714
227 1 3731 3733
227 2 3733 3748
227 0 3733 3735
227 0 3735 3738
228 1 3750 3754
228 2 3754 3762
228 0 3754 3756
228 0 3754 3756
229 1 3764 3766
229 2 3766 3783
229 0 3766 3768
229 0 3768 3771
230 1 3785 3787
230 2 3787 3804
230 0 3787 3789
230 0 3789 3792
231 1 3806 3808
231 2 3808 3823
231 0 3808 3810
231 0 3810 3816
232 1 3825 3827
232 2 3827 3830
233 1 3832 3834
233 2 3834 3849
233 0 3834 3836
233 0 3836 3842
234 1 3851 3853
234 2 3853 3860
234 0 3853 3855
235 1 3862 3864
235 2 3864 3879
235 0 3864 3866
235 0 3866 3872
236 1 3881 3883
236 2 3883 3891
236 0 3883 3885
236 0 3885 3888
237 1 3893 3895
237 2 3895 3902
237 0 3895 3897
238 1 3904 3906
238 2 3906 3922
238 0 3906 3908
238 0 3908 3911
239 1 3924 3926
239 2 3926 3941
239 0 3926 3928
239 0 3928 3934
240 1 3943 3945
240 2 3945 3960
240 0 3945 3947
240 0 3947 3950
241 1 3962 3964
241 2 3964 3979
241 0 3964 3966
241 0 3966 3969
242 1 3981 3983
242 2 3983 3994
242 0 3983 3985
242 0 3985 3988
242 0 3988 3991
243 1 3996 3998
243 2 3998 4013
243 0 3998 4000
243 0 4000 4006
244 1 4015 4017
244 2 4017 4032
244 0 4017 4019
244 0 4019 4025
245 1 4034 4036
245 2 4036 4054
245 0 4036 4038
245 0 4038 4041
245 0 4041 4044
245 0 4044 4047
246 1 4056 4058
246 2 4058 4071
246 0 4058 4060
246 0 4060 4063
246 0 4063 4066
247 1 4073 4075
247 2 4075 4078
248 1 4080 4082
248 2 4082 4088
248 0 4082 4084
249 1 4090 4092
249 2 4092 4103
249 0 4092 4094
249 0 4094 4097
249 0 4097 4100
250 1 4105 4107
250 2 4107 4123
250 0 4107 4109
250 0 4109 4112
251 1 4125 4127
251 2 4127 4138
251 0 4127 4129
251 0 4129 4132
251 0 4132 4135
252 1 4140 4142
252 2 4142 4152
252 0 4142 4144
252 0 4144 4147
253 1 4154 4156
253 2 4156 4166
253 0 4156 4158
254 1 4168 4170
254 2 4170 4182
254 0 4170 4172
255 1 4184 4186
255 2 4186 4199
255 0 4186 4188
256 1 4201 4203
256 2 4203 4221
256 0 4203 4205
256 0 4205 4208
256 0 4208 4211
256 0 4211 4214
257 1 4223 4225
257 2 4225 4245
257 0 4225 4227
257 0 4227 4230
258 1 4247 4249
258 2 4249 4264
258 0 4249 4251
258 0 4251 4257
259 1 4266 4268
259 2 4268 4275
259 0 4268 4270
260 1 4277 4279
260 2 4279 4294
260 0 4279 4281
260 0 4281 4287
261 1 4296 4298
261 2 4298 4308
261 0 4298 4300
262 1 4310 4312
262 2 4312 4323
262 0 4312 4314
262 0 4314 4317
262 0 4317 4320
263 1 4325 4327
263 2 4327 4333
264 1 4335 4337
264 2 4337 4352
264 0 4337 4339
264 0 4339 4342
265 1 4354 4356
265 2 4356 4362
266 1 4364 4366
266 2 4366 4382
266 0 4366 4368
266 0 4368 4371
267 1 4384 4386
267 2 4386 4402
267 0 4386 4388
267 0 4388 4391
268 1 4404 4406
268 2 4406 4419
268 0 4406 4408
269 1 4421 4423
269 2 4423 4430
269 0 4423 4425
270 1 4432 4434
270 2 4434 4441
270 0 4434 4436
271 1 4443 4445
271 2 4445 4460
271 0 4445 4447
271 0 4447 4450
272 1 4462 4464
272 2 4464 4474
272 0 4464 4466
272 0 4466 4469
273 1 4476 4480
273 2 4480 4488
273 0 4480 4482
273 0 4480 4482
274 1 4490 4492
274 2 4492 4507
274 0 4492 4494
274 0 4494 4500
275 1 4509 4511
275 2 4511 4526
275 0 4511 4513
275 0 4513 4516
276 1 4528 4530
276 2 4530 4547
276 0 4530 4532
276 0 4532 4535
277 1 4549 4551
278 2 4564 4582
278 0 4564 4566
278 0 4566 4569
278 0 4569 4572
278 0 4572 4575
279 1 4584 4588
279 2 4588 4596
279 0 4588 4590
279 0 4588 4590
280 1 4598 4600
280 2 4600 4612
280 0 4600 4602
281 1 4614 4616
281 2 4616 4623
281 0 4616 4618
282 1 4625 4627
282 2 4627 4642
282 0 4627 4629
282 0 4629 4632
283 1 4644 4646
283 2 4646 4653
283 0 4646 4648
284 1 4655 4657
284 2 4657 4674
284 0 4657 4659
284 0 4659 4662
285 1 4676 4678
285 2 4678 4698
285 0 4678 4680
285 0 4680 4683
285 0 4683 4686
285 0 4686 4689
285 0 4689 4691
286 1 4700 4702
286 2 4702 4709
286 0 4702 4704
287 1 4711 4715
287 2 4715 4723
287 0 4715 4717
287 0 4715 4717
288 1 4725 4727
288 0 4727 4729
